0, 1683723716444211, 1683723716444252, 41
1, 1683723716464175, 1683723716464196, 21
2, 1683723716484174, 1683723716484192, 18
3, 1683723716504173, 1683723716504190, 17
4, 1683723716524171, 1683723716524189, 18
5, 1683723716536445, 1683723716536451, 6
6, 1683723716556171, 1683723716556189, 18
7, 1683723716576188, 1683723716576207, 19
8, 1683723716596172, 1683723716596189, 17
9, 1683723716616171, 1683723716616188, 17
10, 1683723716636191, 1683723716636208, 17
11, 1683723716656176, 1683723716656193, 17
12, 1683723716676172, 1683723716676189, 17
13, 1683723716694729, 1683723716694756, 27
14, 1683723716960173, 1683723716960197, 24
15, 1683723716980172, 1683723716980190, 18
16, 1683723717000171, 1683723717000188, 17
17, 1683723717024173, 1683723717024191, 18
18, 1683723717036390, 1683723717036396, 6
19, 1683723717056173, 1683723717056191, 18
20, 1683723717076172, 1683723717076190, 18
21, 1683723717096171, 1683723717096188, 17
22, 1683723717116171, 1683723717116188, 17
23, 1683723717136173, 1683723717136196, 23
24, 1683723717156171, 1683723717156189, 18
25, 1683723717176171, 1683723717176189, 18
26, 1683723717196173, 1683723717196192, 19
27, 1683723717216171, 1683723717216190, 19
28, 1683723717236171, 1683723717236189, 18
29, 1683723717256171, 1683723717256189, 18
30, 1683723717276171, 1683723717276194, 23
31, 1683723717296171, 1683723717296188, 17
32, 1683723717320172, 1683723717320190, 18
33, 1683723717340171, 1683723717340189, 18
34, 1683723717360172, 1683723717360190, 18
35, 1683723717384173, 1683723717384189, 16
36, 1683723717404171, 1683723717404189, 18
37, 1683723717429825, 1683723717429829, 4
38, 1683723717448171, 1683723717448188, 17
39, 1683723717468171, 1683723717468187, 16
40, 1683723717488171, 1683723717488189, 18
41, 1683723717512172, 1683723717512189, 17
42, 1683723717532171, 1683723717532190, 19
43, 1683723717552171, 1683723717552189, 18
44, 1683723717572171, 1683723717572189, 18
45, 1683723717592171, 1683723717592188, 17
46, 1683723717616173, 1683723717616189, 16
47, 1683723717640173, 1683723717640191, 18
48, 1683723717660187, 1683723717660205, 18
49, 1683723717680171, 1683723717680228, 57
50, 1683723717700173, 1683723717700190, 17
51, 1683723717720171, 1683723717720189, 18
52, 1683723717740171, 1683723717740188, 17
53, 1683723717756175, 1683723717756192, 17
54, 1683723717776171, 1683723717776190, 19
55, 1683723717800170, 1683723717800187, 17
56, 1683723717824170, 1683723717824190, 20
57, 1683723717844172, 1683723717844195, 23
58, 1683723717864171, 1683723717864190, 19
59, 1683723717884171, 1683723717884189, 18
60, 1683723717904173, 1683723717904190, 17
61, 1683723717924171, 1683723717924190, 19
62, 1683723717944171, 1683723717944189, 18
63, 1683723717964171, 1683723717964189, 18
64, 1683723717984187, 1683723717984205, 18
65, 1683723718004171, 1683723718004190, 19
66, 1683723718024171, 1683723718024189, 18
67, 1683723718044171, 1683723718044194, 23
68, 1683723718064171, 1683723718064189, 18
69, 1683723718084171, 1683723718084187, 16
70, 1683723718104173, 1683723718104191, 18
71, 1683723718124171, 1683723718124189, 18
72, 1683723718137689, 1683723718137708, 19
73, 1683723718156171, 1683723718156189, 18
74, 1683723718176172, 1683723718176189, 17
75, 1683723718196171, 1683723718196188, 17
76, 1683723718216170, 1683723718216188, 18
77, 1683723718236171, 1683723718236189, 18
78, 1683723718256171, 1683723718256188, 17
79, 1683723718276171, 1683723718276189, 18
80, 1683723718296171, 1683723718296188, 17
81, 1683723718316171, 1683723718316195, 24
82, 1683723718336170, 1683723718336190, 20
83, 1683723718364172, 1683723718364191, 19
84, 1683723718384171, 1683723718384188, 17
85, 1683723718404171, 1683723718404188, 17
86, 1683723718417708, 1683723718417728, 20
87, 1683723718436171, 1683723718436188, 17
88, 1683723718456173, 1683723718456191, 18
89, 1683723718476172, 1683723718476189, 17
90, 1683723718496177, 1683723718496192, 15
91, 1683723718516171, 1683723718516188, 17
92, 1683723718536171, 1683723718536188, 17
93, 1683723718556171, 1683723718556194, 23
94, 1683723718576171, 1683723718576187, 16
95, 1683723718596171, 1683723718596188, 17
96, 1683723718613954, 1683723718613971, 17
97, 1683723718636171, 1683723718636188, 17
98, 1683723718656171, 1683723718656188, 17
99, 1683723718676171, 1683723718676188, 17
100, 1683723718696171, 1683723718696187, 16
101, 1683723718716171, 1683723718716243, 72
102, 1683723718732176, 1683723718732194, 18
103, 1683723718752173, 1683723718752191, 18
104, 1683723718772171, 1683723718772189, 18
105, 1683723718792171, 1683723718792189, 18
106, 1683723718816172, 1683723718816196, 24
107, 1683723718836171, 1683723718836189, 18
108, 1683723718856171, 1683723718856189, 18
109, 1683723718870134, 1683723718870157, 23
110, 1683723718884063, 1683723718884064, 1
111, 1683723718904172, 1683723718904195, 23
112, 1683723718924172, 1683723718924190, 18
113, 1683723718944173, 1683723718944190, 17
114, 1683723718960177, 1683723718960196, 19
115, 1683723718974128, 1683723718974149, 21
116, 1683723718992171, 1683723718992190, 19
117, 1683723719012171, 1683723719012189, 18
118, 1683723719032171, 1683723719032190, 19
119, 1683723719052173, 1683723719052190, 17
120, 1683723719072172, 1683723719072190, 18
121, 1683723719092171, 1683723719092188, 17
122, 1683723719108178, 1683723719108201, 23
123, 1683723719122120, 1683723719122139, 19
124, 1683723719136177, 1683723719136195, 18
125, 1683723719156171, 1683723719156189, 18
126, 1683723719176174, 1683723719176191, 17
127, 1683723719200172, 1683723719200190, 18
128, 1683723719220171, 1683723719220190, 19
129, 1683723719236177, 1683723719236194, 17
130, 1683723719249409, 1683723719249425, 16
131, 1683723719268171, 1683723719268195, 24
132, 1683723719282115, 1683723719282135, 20
133, 1683723719300171, 1683723719300195, 24
134, 1683723719320172, 1683723719320189, 17
135, 1683723719340171, 1683723719340195, 24
136, 1683723719360171, 1683723719360195, 24
137, 1683723719380171, 1683723719380194, 23
138, 1683723719400171, 1683723719400190, 19
139, 1683723719420172, 1683723719420225, 53
140, 1683723719440171, 1683723719440188, 17
141, 1683723719460171, 1683723719460187, 16
142, 1683723719473393, 1683723719473413, 20
143, 1683723719492171, 1683723719492188, 17
144, 1683723719512171, 1683723719512188, 17
145, 1683723719536172, 1683723719536189, 17
146, 1683723719556171, 1683723719556189, 18
147, 1683723719576171, 1683723719576187, 16
148, 1683723719592171, 1683723719592188, 17
149, 1683723719608171, 1683723719608189, 18
150, 1683723719628171, 1683723719628189, 18
151, 1683723719648173, 1683723719648195, 22
152, 1683723719668172, 1683723719668221, 49
153, 1683723719688177, 1683723719688195, 18
154, 1683723719708188, 1683723719708206, 18
155, 1683723719721303, 1683723719721324, 21
156, 1683723719734438, 1683723719734439, 1
157, 1683723719747616, 1683723719747633, 17
158, 1683723719759628, 1683723719759650, 22
159, 1683723719780171, 1683723719780189, 18
160, 1683723719796177, 1683723719796196, 19
161, 1683723719809320, 1683723719809339, 19
162, 1683723719822466, 1683723719822468, 2
163, 1683723719835683, 1683723719835702, 19
164, 1683723719852181, 1683723719852200, 19
165, 1683723719872171, 1683723719872187, 16
166, 1683723719892171, 1683723719892189, 18
167, 1683723719912171, 1683723719912189, 18
168, 1683723719932171, 1683723719932195, 24
169, 1683723719952171, 1683723719952189, 18
170, 1683723719965264, 1683723719965284, 20
171, 1683723719984171, 1683723719984189, 18
172, 1683723720004171, 1683723720004189, 18
173, 1683723720024170, 1683723720024188, 18
174, 1683723720044171, 1683723720044189, 18
175, 1683723720064173, 1683723720064190, 17
176, 1683723720076169, 1683723720076190, 21
177, 1683723720096171, 1683723720096188, 17
178, 1683723720116173, 1683723720116191, 18
179, 1683723720136171, 1683723720136189, 18
180, 1683723720156198, 1683723720156216, 18
181, 1683723720176171, 1683723720176195, 24
182, 1683723720196174, 1683723720196192, 18
183, 1683723720216171, 1683723720216190, 19
184, 1683723720236171, 1683723720236194, 23
185, 1683723720256171, 1683723720256194, 23
186, 1683723720276170, 1683723720276187, 17
187, 1683723720296170, 1683723720296187, 17
188, 1683723720316171, 1683723720316189, 18
189, 1683723720340171, 1683723720340188, 17
190, 1683723720364171, 1683723720364195, 24
191, 1683723720384171, 1683723720384195, 24
192, 1683723720397251, 1683723720397255, 4
193, 1683723720420171, 1683723720420188, 17
194, 1683723720440171, 1683723720440194, 23
195, 1683723720460171, 1683723720460189, 18
196, 1683723720484171, 1683723720484189, 18
197, 1683723720504172, 1683723720504189, 17
198, 1683723720517750, 1683723720517767, 17
199, 1683723720536172, 1683723720536190, 18
