0, 1683723716444211, 1683723716444273, 62
1, 1683723716464175, 1683723716464194, 19
2, 1683723716484174, 1683723716484190, 16
3, 1683723716504173, 1683723716504192, 19
4, 1683723716524171, 1683723716524187, 16
5, 1683723716536445, 1683723716536465, 20
6, 1683723716556171, 1683723716556187, 16
7, 1683723716576188, 1683723716576205, 17
8, 1683723716596172, 1683723716596187, 15
9, 1683723716616171, 1683723716616194, 23
10, 1683723716636191, 1683723716636212, 21
11, 1683723716656176, 1683723716656199, 23
12, 1683723716676172, 1683723716676194, 22
13, 1683723716694729, 1683723716694746, 17
14, 1683723716960173, 1683723716960191, 18
15, 1683723716980172, 1683723716980188, 16
16, 1683723717000171, 1683723717000193, 22
17, 1683723717024173, 1683723717024189, 16
18, 1683723717036390, 1683723717036407, 17
19, 1683723717056173, 1683723717056190, 17
20, 1683723717076172, 1683723717076187, 15
21, 1683723717096171, 1683723717096190, 19
22, 1683723717116171, 1683723717116194, 23
23, 1683723717136173, 1683723717136190, 17
24, 1683723717156171, 1683723717156186, 15
25, 1683723717176171, 1683723717176187, 16
26, 1683723717196173, 1683723717196190, 17
27, 1683723717216171, 1683723717216187, 16
28, 1683723717236171, 1683723717236187, 16
29, 1683723717256171, 1683723717256187, 16
30, 1683723717276171, 1683723717276188, 17
31, 1683723717296171, 1683723717296194, 23
32, 1683723717320172, 1683723717320187, 15
33, 1683723717340171, 1683723717340188, 17
34, 1683723717360172, 1683723717360187, 15
35, 1683723717384173, 1683723717384194, 21
36, 1683723717404171, 1683723717404187, 16
37, 1683723717429825, 1683723717429844, 19
38, 1683723717448171, 1683723717448193, 22
39, 1683723717468171, 1683723717468189, 18
40, 1683723717488171, 1683723717488187, 16
41, 1683723717512172, 1683723717512190, 18
42, 1683723717532171, 1683723717532188, 17
43, 1683723717552171, 1683723717552187, 16
44, 1683723717572171, 1683723717572187, 16
45, 1683723717592171, 1683723717592189, 18
46, 1683723717616173, 1683723717616190, 17
47, 1683723717640173, 1683723717640189, 16
48, 1683723717660187, 1683723717660206, 19
49, 1683723717680171, 1683723717680248, 77
50, 1683723717700173, 1683723717700240, 67
51, 1683723717720171, 1683723717720235, 64
52, 1683723717740171, 1683723717740236, 65
53, 1683723717756175, 1683723717756238, 63
54, 1683723717776171, 1683723717776234, 63
55, 1683723717800170, 1683723717800232, 62
56, 1683723717824170, 1683723717824185, 15
57, 1683723717844172, 1683723717844189, 17
58, 1683723717864171, 1683723717864189, 18
59, 1683723717884171, 1683723717884188, 17
60, 1683723717904173, 1683723717904195, 22
61, 1683723717924171, 1683723717924187, 16
62, 1683723717944171, 1683723717944186, 15
63, 1683723717964171, 1683723717964187, 16
64, 1683723717984187, 1683723717984203, 16
65, 1683723718004171, 1683723718004188, 17
66, 1683723718024171, 1683723718024186, 15
67, 1683723718044171, 1683723718044188, 17
68, 1683723718064171, 1683723718064188, 17
69, 1683723718084171, 1683723718084193, 22
70, 1683723718104173, 1683723718104188, 15
71, 1683723718124171, 1683723718124194, 23
72, 1683723718137689, 1683723718137693, 4
73, 1683723718156171, 1683723718156187, 16
74, 1683723718176172, 1683723718176191, 19
75, 1683723718196171, 1683723718196187, 16
76, 1683723718216170, 1683723718216185, 15
77, 1683723718236171, 1683723718236186, 15
78, 1683723718256171, 1683723718256193, 22
79, 1683723718276171, 1683723718276188, 17
80, 1683723718296171, 1683723718296193, 22
81, 1683723718316171, 1683723718316189, 18
82, 1683723718336170, 1683723718336185, 15
83, 1683723718364172, 1683723718364186, 14
84, 1683723718384171, 1683723718384193, 22
85, 1683723718404171, 1683723718404193, 22
86, 1683723718417708, 1683723718417712, 4
87, 1683723718436171, 1683723718436186, 15
88, 1683723718456173, 1683723718456189, 16
89, 1683723718476172, 1683723718476190, 18
90, 1683723718496177, 1683723718496194, 17
91, 1683723718516171, 1683723718516187, 16
92, 1683723718536171, 1683723718536193, 22
93, 1683723718556171, 1683723718556188, 17
94, 1683723718576171, 1683723718576193, 22
95, 1683723718596171, 1683723718596187, 16
96, 1683723718613954, 1683723718613956, 2
97, 1683723718636171, 1683723718636187, 16
98, 1683723718656171, 1683723718656187, 16
99, 1683723718676171, 1683723718676193, 22
100, 1683723718696171, 1683723718696193, 22
101, 1683723718716171, 1683723718716223, 52
102, 1683723718732176, 1683723718732200, 24
103, 1683723718752173, 1683723718752189, 16
104, 1683723718772171, 1683723718772188, 17
105, 1683723718792171, 1683723718792187, 16
106, 1683723718816172, 1683723718816190, 18
107, 1683723718836171, 1683723718836187, 16
108, 1683723718856171, 1683723718856187, 16
109, 1683723718870134, 1683723718870151, 17
110, 1683723718884063, 1683723718884080, 17
111, 1683723718904172, 1683723718904189, 17
112, 1683723718924172, 1683723718924195, 23
113, 1683723718944173, 1683723718944195, 22
114, 1683723718960177, 1683723718960193, 16
115, 1683723718974128, 1683723718974134, 6
116, 1683723718992171, 1683723718992188, 17
117, 1683723719012171, 1683723719012187, 16
118, 1683723719032171, 1683723719032187, 16
119, 1683723719052173, 1683723719052188, 15
120, 1683723719072172, 1683723719072191, 19
121, 1683723719092171, 1683723719092190, 19
122, 1683723719108178, 1683723719108195, 17
123, 1683723719122120, 1683723719122124, 4
124, 1683723719136177, 1683723719136192, 15
125, 1683723719156171, 1683723719156187, 16
126, 1683723719176174, 1683723719176196, 22
127, 1683723719200172, 1683723719200189, 17
128, 1683723719220171, 1683723719220187, 16
129, 1683723719236177, 1683723719236199, 22
130, 1683723719249409, 1683723719249415, 6
131, 1683723719268171, 1683723719268189, 18
132, 1683723719282115, 1683723719282119, 4
133, 1683723719300171, 1683723719300189, 18
134, 1683723719320172, 1683723719320191, 19
135, 1683723719340171, 1683723719340189, 18
136, 1683723719360171, 1683723719360188, 17
137, 1683723719380171, 1683723719380188, 17
138, 1683723719400171, 1683723719400188, 17
139, 1683723719420172, 1683723719420189, 17
140, 1683723719440171, 1683723719440194, 23
141, 1683723719460171, 1683723719460189, 18
142, 1683723719473393, 1683723719473398, 5
143, 1683723719492171, 1683723719492189, 18
144, 1683723719512171, 1683723719512186, 15
145, 1683723719536172, 1683723719536187, 15
146, 1683723719556171, 1683723719556187, 16
147, 1683723719576171, 1683723719576188, 17
148, 1683723719592171, 1683723719592193, 22
149, 1683723719608171, 1683723719608187, 16
150, 1683723719628171, 1683723719628187, 16
151, 1683723719648173, 1683723719648190, 17
152, 1683723719668172, 1683723719668241, 69
153, 1683723719688177, 1683723719688193, 16
154, 1683723719708188, 1683723719708204, 16
155, 1683723719721303, 1683723719721308, 5
156, 1683723719734438, 1683723719734455, 17
157, 1683723719747616, 1683723719747635, 19
158, 1683723719759628, 1683723719759633, 5
159, 1683723719780171, 1683723719780195, 24
160, 1683723719796177, 1683723719796194, 17
161, 1683723719809320, 1683723719809322, 2
162, 1683723719822466, 1683723719822483, 17
163, 1683723719835683, 1683723719835684, 1
164, 1683723719852181, 1683723719852183, 2
165, 1683723719872171, 1683723719872189, 18
166, 1683723719892171, 1683723719892186, 15
167, 1683723719912171, 1683723719912187, 16
168, 1683723719932171, 1683723719932188, 17
169, 1683723719952171, 1683723719952187, 16
170, 1683723719965264, 1683723719965269, 5
171, 1683723719984171, 1683723719984187, 16
172, 1683723720004171, 1683723720004187, 16
173, 1683723720024170, 1683723720024193, 23
174, 1683723720044171, 1683723720044187, 16
175, 1683723720064173, 1683723720064191, 18
176, 1683723720076169, 1683723720076175, 6
177, 1683723720096171, 1683723720096189, 18
178, 1683723720116173, 1683723720116189, 16
179, 1683723720136171, 1683723720136188, 17
180, 1683723720156198, 1683723720156214, 16
181, 1683723720176171, 1683723720176188, 17
182, 1683723720196174, 1683723720196190, 16
183, 1683723720216171, 1683723720216188, 17
184, 1683723720236171, 1683723720236188, 17
185, 1683723720256171, 1683723720256188, 17
186, 1683723720276170, 1683723720276234, 64
187, 1683723720296170, 1683723720296184, 14
188, 1683723720316171, 1683723720316187, 16
189, 1683723720340171, 1683723720340194, 23
190, 1683723720364171, 1683723720364188, 17
191, 1683723720384171, 1683723720384188, 17
192, 1683723720397251, 1683723720397268, 17
193, 1683723720420171, 1683723720420194, 23
194, 1683723720440171, 1683723720440188, 17
195, 1683723720460171, 1683723720460187, 16
196, 1683723720484171, 1683723720484188, 17
197, 1683723720504172, 1683723720504194, 22
198, 1683723720517750, 1683723720517755, 5
199, 1683723720536172, 1683723720536188, 16
