0, 1635066503490889, 1635066503491020, 131
1, 1635066503506302, 1635066503506373, 71
2, 1635066503525074, 1635066503525137, 63
3, 1635066503540581, 1635066503540643, 62
4, 1635066503556090, 1635066503556151, 61
5, 1635066503571564, 1635066503571626, 62
6, 1635066503585990, 1635066503586050, 60
7, 1635066503601469, 1635066503601612, 143
8, 1635066503615914, 1635066503615935, 21
9, 1635066503631179, 1635066503631241, 62
10, 1635066503645563, 1635066503645624, 61
11, 1635066503661063, 1635066503661200, 137
12, 1635066503675451, 1635066503675472, 21
13, 1635066503690700, 1635066503690721, 21
14, 1635066503705367, 1635066503705387, 20
15, 1635066503720008, 1635066503720028, 20
16, 1635066503734678, 1635066503734700, 22
17, 1635066503749310, 1635066503749329, 19
18, 1635066503763975, 1635066503763997, 22
19, 1635066503778682, 1635066503778703, 21
20, 1635066503793434, 1635066503793454, 20
21, 1635066503808187, 1635066503808207, 20
22, 1635066503822907, 1635066503822925, 18
23, 1635066503837655, 1635066503837675, 20
24, 1635066503852352, 1635066503852466, 114
25, 1635066503866732, 1635066503866846, 114
26, 1635066503881083, 1635066503881197, 114
27, 1635066503895460, 1635066503895590, 130
28, 1635066503909813, 1635066503909942, 129
29, 1635066503924191, 1635066503924305, 114
30, 1635066503938134, 1635066503938388, 254
31, 1635066503952895, 1635066503952998, 103
32, 1635066503967276, 1635066503967405, 129
33, 1635066503981634, 1635066503981763, 129
34, 1635066503996016, 1635066503996177, 161
35, 1635066504009953, 1635066504010130, 177
36, 1635066504024328, 1635066504024458, 130
37, 1635066504038678, 1635066504038785, 107
38, 1635066504052644, 1635066504052754, 110
39, 1635066504066574, 1635066504066686, 112
40, 1635066504081303, 1635066504081414, 111
41, 1635066504096012, 1635066504096179, 167
42, 1635066504111226, 1635066504111401, 175
43, 1635066504125931, 1635066504126102, 171
44, 1635066504140654, 1635066504140825, 171
45, 1635066504155375, 1635066504155561, 186
46, 1635066504170077, 1635066504170231, 154
47, 1635066504184819, 1635066504184989, 170
48, 1635066504199514, 1635066504199821, 307
49, 1635066504214236, 1635066504214447, 211
50, 1635066504228961, 1635066504229130, 169
51, 1635066504243686, 1635066504244453, 767
52, 1635066504258384, 1635066504258536, 152
53, 1635066504273122, 1635066504273291, 169
54, 1635066504287861, 1635066504288028, 167
55, 1635066504302556, 1635066504302725, 169
56, 1635066504317276, 1635066504317500, 224
57, 1635066504331975, 1635066504332142, 167
58, 1635066504346701, 1635066504346868, 167
59, 1635066504361402, 1635066504361569, 167
60, 1635066504376136, 1635066504376603, 467
61, 1635066504390845, 1635066504390995, 150
62, 1635066504405589, 1635066504405755, 166
63, 1635066504420315, 1635066504420658, 343
64, 1635066504435008, 1635066504435159, 151
65, 1635066504449747, 1635066504449950, 203
66, 1635066504464489, 1635066504464506, 17
67, 1635066504479230, 1635066504479376, 146
68, 1635066504493589, 1635066504493609, 20
69, 1635066504508338, 1635066504508483, 145
70, 1635066504522716, 1635066504522738, 22
71, 1635066504537959, 1635066504537978, 19
72, 1635066504552725, 1635066504552869, 144
73, 1635066504567104, 1635066504567124, 20
74, 1635066504581879, 1635066504582024, 145
75, 1635066504596265, 1635066504596411, 146
76, 1635066504610675, 1635066504610696, 21
77, 1635066504625420, 1635066504625437, 17
78, 1635066504640655, 1635066504640773, 118
79, 1635066504655063, 1635066504655208, 145
80, 1635066504669446, 1635066504669468, 22
81, 1635066504684688, 1635066504684748, 60
82, 1635066504699069, 1635066504699130, 61
83, 1635066504713481, 1635066504713541, 60
84, 1635066504728977, 1635066504729037, 60
85, 1635066504743358, 1635066504743415, 57
86, 1635066504757762, 1635066504757835, 73
87, 1635066504773247, 1635066504773396, 149
88, 1635066504788018, 1635066504788184, 166
89, 1635066504802772, 1635066504802831, 59
90, 1635066504817155, 1635066504817214, 59
91, 1635066504832651, 1635066504832797, 146
92, 1635066504847031, 1635066504847175, 144
93, 1635066504861439, 1635066504861460, 21
94, 1635066504876183, 1635066504876324, 141
95, 1635066504894109, 1635066504894257, 148
96, 1635066504908448, 1635066504908593, 145
97, 1635066504922763, 1635066504922783, 20
98, 1635066504938108, 1635066504938128, 20
99, 1635066504953412, 1635066504953582, 170
100, 1635066504968770, 1635066504968939, 169
101, 1635066504984019, 1635066504984220, 201
102, 1635066504999350, 1635066504999693, 343
103, 1635066505014691, 1635066505014754, 63
104, 1635066505029037, 1635066505029097, 60
105, 1635066505045590, 1635066505045734, 144
106, 1635066505059973, 1635066505059993, 20
107, 1635066505078612, 1635066505078756, 144
108, 1635066505092836, 1635066505092981, 145
109, 1635066505107100, 1635066505107120, 20
110, 1635066505122322, 1635066505122466, 144
111, 1635066505136601, 1635066505136746, 145
112, 1635066505150866, 1635066505150888, 22
113, 1635066505166190, 1635066505166250, 60
114, 1635066505180482, 1635066505180543, 61
115, 1635066505196889, 1635066505196949, 60
116, 1635066505211218, 1635066505211279, 61
117, 1635066505227731, 1635066505227791, 60
118, 1635066505242097, 1635066505242157, 60
119, 1635066505256503, 1635066505256563, 60
120, 1635066505276038, 1635066505276181, 143
121, 1635066505290293, 1635066505290436, 143
122, 1635066505304529, 1635066505304548, 19
123, 1635066505319787, 1635066505319927, 140
124, 1635066505334048, 1635066505334070, 22
125, 1635066505349369, 1635066505349389, 20
126, 1635066505364644, 1635066505364787, 143
127, 1635066505378982, 1635066505379003, 21
128, 1635066505394314, 1635066505394374, 60
129, 1635066505408681, 1635066505408741, 60
130, 1635066505425204, 1635066505425349, 145
131, 1635066505439610, 1635066505439753, 143
132, 1635066505457266, 1635066505457287, 21
133, 1635066505472410, 1635066505472470, 60
134, 1635066505486631, 1635066505486691, 60
135, 1635066505500903, 1635066505500963, 60
136, 1635066505517122, 1635066505517181, 59
137, 1635066505531427, 1635066505531487, 60
138, 1635066505545710, 1635066505545770, 60
139, 1635066505562107, 1635066505562165, 58
140, 1635066505576435, 1635066505576579, 144
141, 1635066505590800, 1635066505590821, 21
142, 1635066505606177, 1635066505606238, 61
143, 1635066505620562, 1635066505620622, 60
144, 1635066505634926, 1635066505635010, 84
145, 1635066505655675, 1635066505655784, 109
146, 1635066505670243, 1635066505670384, 141
147, 1635066505684858, 1635066505684997, 139
148, 1635066505699582, 1635066505699684, 102
149, 1635066505714372, 1635066505714508, 136
150, 1635066505729262, 1635066505729400, 138
151, 1635066505747526, 1635066505747663, 137
152, 1635066505762011, 1635066505762148, 137
153, 1635066505776641, 1635066505776777, 136
154, 1635066505791296, 1635066505791397, 101
155, 1635066505806058, 1635066505806194, 136
156, 1635066505820877, 1635066505820978, 101
157, 1635066505835810, 1635066505835945, 135
158, 1635066505852592, 1635066505852693, 101
159, 1635066505867104, 1635066505867214, 110
160, 1635066505881731, 1635066505881855, 124
161, 1635066505896426, 1635066505896560, 134
162, 1635066505911213, 1635066505911348, 135
163, 1635066505926061, 1635066505926164, 103
164, 1635066505941024, 1635066505941158, 134
165, 1635066505958939, 1635066505959076, 137
166, 1635066505973509, 1635066505973609, 100
167, 1635066505988133, 1635066505988267, 134
168, 1635066506002843, 1635066506002944, 101
169, 1635066506017659, 1635066506017768, 109
170, 1635066506032536, 1635066506032671, 135
171, 1635066506050797, 1635066506050898, 101
172, 1635066506065282, 1635066506065417, 135
173, 1635066506079902, 1635066506080004, 102
174, 1635066506094554, 1635066506094687, 133
175, 1635066506109325, 1635066506109427, 102
176, 1635066506124145, 1635066506124278, 133
177, 1635066506139045, 1635066506139146, 101
178, 1635066506155863, 1635066506155973, 110
179, 1635066506170371, 1635066506170480, 109
180, 1635066506184997, 1635066506185130, 133
181, 1635066506199677, 1635066506199778, 101
182, 1635066506214524, 1635066506214657, 133
183, 1635066506229446, 1635066506229580, 134
184, 1635066506244477, 1635066506244578, 101
185, 1635066506262458, 1635066506262591, 133
186, 1635066506284376, 1635066506284511, 135
187, 1635066506306789, 1635066506306925, 136
188, 1635066506322634, 1635066506322735, 101
189, 1635066506338639, 1635066506338750, 111
190, 1635066506356380, 1635066506356516, 136
191, 1635066506371953, 1635066506372053, 100
192, 1635066506387673, 1635066506387809, 136
193, 1635066506403523, 1635066506403624, 101
194, 1635066506419541, 1635066506419676, 135
195, 1635066506437297, 1635066506437398, 101
196, 1635066506452868, 1635066506453003, 135
197, 1635066506468546, 1635066506468646, 100
198, 1635066506484413, 1635066506484546, 133
199, 1635066506500384, 1635066506500486, 102
200, 1635066506518147, 1635066506518283, 136
201, 1635066506533709, 1635066506533823, 114
202, 1635066506550221, 1635066506550365, 144
203, 1635066506566079, 1635066506566213, 134
204, 1635066506582083, 1635066506582218, 135
205, 1635066506599844, 1635066506599945, 101
206, 1635066506615375, 1635066506615512, 137
207, 1635066506631032, 1635066506631167, 135
208, 1635066506646842, 1635066506646943, 101
209, 1635066506662768, 1635066506662877, 109
210, 1635066506680494, 1635066506680676, 182
211, 1635066506695342, 1635066506695517, 175
212, 1635066506710286, 1635066506710305, 19
213, 1635066506725017, 1635066506725036, 19
214, 1635066506739878, 1635066506739897, 19
215, 1635066506754776, 1635066506754797, 21
216, 1635066506773071, 1635066506773091, 20
217, 1635066506787588, 1635066506787608, 20
218, 1635066506802184, 1635066506802202, 18
219, 1635066506816894, 1635066506816913, 19
220, 1635066506831658, 1635066506831676, 18
221, 1635066506846533, 1635066506846730, 197
222, 1635066506861637, 1635066506861740, 103
223, 1635066506878869, 1635066506879044, 175
224, 1635066506893713, 1635066506893732, 19
225, 1635066506909196, 1635066506909218, 22
226, 1635066506923922, 1635066506923940, 18
227, 1635066506938739, 1635066506938934, 195
228, 1635066506953798, 1635066506953900, 102
229, 1635066506968942, 1635066506969046, 104
230, 1635066506987220, 1635066506987396, 176
231, 1635066507002089, 1635066507002109, 20
232, 1635066507016775, 1635066507016795, 20
233, 1635066507031517, 1635066507031537, 20
234, 1635066507046352, 1635066507046372, 20
235, 1635066507061306, 1635066507061326, 20
236, 1635066507079589, 1635066507079609, 20
237, 1635066507094148, 1635066507094168, 20
238, 1635066507108762, 1635066507108782, 20
239, 1635066507123490, 1635066507123510, 20
240, 1635066507138279, 1635066507138299, 20
241, 1635066507153169, 1635066507153189, 20
242, 1635066507168126, 1635066507168146, 20
243, 1635066507184966, 1635066507184985, 19
244, 1635066507199557, 1635066507199577, 20
245, 1635066507214204, 1635066507214225, 21
246, 1635066507228958, 1635066507228978, 20
247, 1635066507243769, 1635066507243789, 20
248, 1635066507258695, 1635066507258714, 19
249, 1635066507273675, 1635066507273695, 20
250, 1635066507291688, 1635066507291708, 20
251, 1635066507306277, 1635066507306295, 18
252, 1635066507320946, 1635066507321122, 176
253, 1635066507337054, 1635066507337547, 493
254, 1635066507351707, 1635066507351908, 201
255, 1635066507366394, 1635066507366548, 154
256, 1635066507382191, 1635066507382360, 169
257, 1635066507400032, 1635066507400214, 182
258, 1635066507414456, 1635066507414625, 169
259, 1635066507428939, 1635066507429100, 161
260, 1635066507444393, 1635066507444561, 168
261, 1635066507458965, 1635066507459134, 169
262, 1635066507473545, 1635066507473699, 154
263, 1635066507490340, 1635066507490508, 168
264, 1635066507505031, 1635066507505198, 167
265, 1635066507521769, 1635066507521949, 180
266, 1635066507536244, 1635066507536397, 153
267, 1635066507552802, 1635066507552968, 166
268, 1635066507567384, 1635066507567551, 167
269, 1635066507582028, 1635066507582192, 164
270, 1635066507598855, 1635066507599024, 169
271, 1635066507613582, 1635066507613750, 168
272, 1635066507628296, 1635066507628459, 163
273, 1635066507645946, 1635066507646113, 167
274, 1635066507660337, 1635066507660503, 166
275, 1635066507674798, 1635066507674960, 162
276, 1635066507691301, 1635066507691469, 168
277, 1635066507705843, 1635066507706034, 191
278, 1635066507724310, 1635066507724478, 168
279, 1635066507745419, 1635066507745580, 161
280, 1635066507761890, 1635066507762058, 168
281, 1635066507777709, 1635066507777890, 181
282, 1635066507793657, 1635066507793839, 182
283, 1635066507809702, 1635066507809885, 183
284, 1635066507825877, 1635066507826043, 166
285, 1635066507843950, 1635066507844353, 403
286, 1635066507864372, 1635066507864545, 173
287, 1635066507879332, 1635066507879494, 162
288, 1635066507895415, 1635066507895590, 175
289, 1635066507911557, 1635066507911807, 250
290, 1635066507931141, 1635066507931316, 175
291, 1635066507946538, 1635066507946716, 178
292, 1635066507962430, 1635066507962607, 177
293, 1635066507978460, 1635066507978677, 217
294, 1635066507994614, 1635066507994790, 176
295, 1635066508013061, 1635066508013238, 177
296, 1635066508028886, 1635066508029061, 175
297, 1635066508044857, 1635066508044874, 17
298, 1635066508060880, 1635066508061018, 138
299, 1635066508075895, 1635066508076029, 134
300, 1635066508090929, 1635066508090949, 20
301, 1635066508110356, 1635066508110493, 137
302, 1635066508125179, 1635066508125316, 137
303, 1635066508140039, 1635066508140060, 21
304, 1635066508154995, 1635066508155018, 23
305, 1635066508170657, 1635066508170750, 93
306, 1635066508185726, 1635066508185804, 78
307, 1635066508203122, 1635066508203183, 61
308, 1635066508219446, 1635066508219619, 173
309, 1635066508234928, 1635066508235104, 176
310, 1635066508250944, 1635066508251118, 174
311, 1635066508267072, 1635066508267232, 160
312, 1635066508283375, 1635066508283550, 175
313, 1635066508302623, 1635066508302798, 175
314, 1635066508318553, 1635066508318728, 175
315, 1635066508334599, 1635066508334773, 174
316, 1635066508350721, 1635066508350896, 175
317, 1635066508366982, 1635066508367058, 76
318, 1635066508385220, 1635066508385358, 138
319, 1635066508400066, 1635066508400200, 134
320, 1635066508414964, 1635066508414983, 19
321, 1635066508431018, 1635066508431154, 136
322, 1635066508446040, 1635066508446173, 133
323, 1635066508461092, 1635066508461113, 21
324, 1635066508480556, 1635066508480576, 20
325, 1635066508496044, 1635066508496105, 61
326, 1635066508510912, 1635066508511054, 142
327, 1635066508525884, 1635066508525904, 20
328, 1635066508542029, 1635066508542050, 21
329, 1635066508557864, 1635066508557925, 61
330, 1635066508577797, 1635066508577859, 62
331, 1635066508592610, 1635066508592672, 62
332, 1635066508607512, 1635066508607573, 61
333, 1635066508624136, 1635066508624273, 137
334, 1635066508639162, 1635066508639294, 132
335, 1635066508654216, 1635066508654236, 20
336, 1635066508673737, 1635066508673756, 19
337, 1635066508689770, 1635066508689793, 23
338, 1635066508705884, 1635066508705906, 22
339, 1635066508722136, 1635066508722157, 21
340, 1635066508738013, 1635066508738073, 60
341, 1635066508758050, 1635066508758187, 137
342, 1635066508772850, 1635066508772986, 136
343, 1635066508787676, 1635066508787697, 21
344, 1635066508803707, 1635066508803854, 147
345, 1635066508818717, 1635066508818778, 61
346, 1635066508835535, 1635066508835596, 61
347, 1635066508853963, 1635066508854024, 61
348, 1635066508868736, 1635066508868796, 60
349, 1635066508883599, 1635066508883660, 61
350, 1635066508900178, 1635066508900311, 133
351, 1635066508915128, 1635066508915264, 136
352, 1635066508930165, 1635066508930186, 21
353, 1635066508949706, 1635066508949725, 19
354, 1635066508965108, 1635066508965280, 172
355, 1635066508981058, 1635066508981548, 490
356, 1635066508997065, 1635066508997220, 155
357, 1635066509013227, 1635066509013433, 206
358, 1635066509031729, 1635066509031865, 136
359, 1635066509046514, 1635066509046653, 139
360, 1635066509061353, 1635066509061374, 21
361, 1635066509077331, 1635066509077391, 60
362, 1635066509092301, 1635066509092362, 61
363, 1635066509107323, 1635066509107384, 61
364, 1635066509127481, 1635066509127617, 136
365, 1635066509142258, 1635066509142391, 133
366, 1635066509157067, 1635066509157087, 20
367, 1635066509173067, 1635066509173204, 137
368, 1635066509188041, 1635066509188063, 22
369, 1635066509208051, 1635066509208113, 62
370, 1635066509227761, 1635066509227782, 21
371, 1635066509244793, 1635066509244855, 62
372, 1635066509264512, 1635066509264642, 130
373, 1635066509277643, 1635066509278321, 678
374, 1635066509292587, 1635066509292760, 173
375, 1635066509307475, 1635066509307649, 174
376, 1635066509322389, 1635066509322567, 178
377, 1635066509337286, 1635066509337456, 170
378, 1635066509352200, 1635066509352376, 176
379, 1635066509367150, 1635066509367322, 172
380, 1635066509382079, 1635066509382379, 300
381, 1635066509397047, 1635066509397220, 173
382, 1635066509412001, 1635066509412422, 421
383, 1635066509427015, 1635066509427187, 172
384, 1635066509441998, 1635066509442560, 562
385, 1635066509457022, 1635066509457186, 164
386, 1635066509472053, 1635066509472212, 159
387, 1635066509487081, 1635066509487142, 61
388, 1635066509501908, 1635066509501969, 61
389, 1635066509521000, 1635066509521133, 133
390, 1635066509535636, 1635066509535774, 138
391, 1635066509550249, 1635066509550270, 21
392, 1635066509565718, 1635066509565738, 20
393, 1635066509580658, 1635066509580676, 18
394, 1635066509596122, 1635066509596142, 20
395, 1635066509611042, 1635066509611103, 61
396, 1635066509625728, 1635066509625802, 74
397, 1635066509641455, 1635066509641623, 168
398, 1635066509656440, 1635066509656500, 60
399, 1635066509672175, 1635066509672312, 137
