0, 1635066802972939, 1635066802973590, 651
1, 1635066802994954, 1635066802995286, 332
2, 1635066803009300, 1635066803009620, 320
3, 1635066803023661, 1635066803023982, 321
4, 1635066803037997, 1635066803038147, 150
5, 1635066803052349, 1635066803052497, 148
6, 1635066803067523, 1635066803067671, 148
7, 1635066803082672, 1635066803082820, 148
8, 1635066803097860, 1635066803098007, 147
9, 1635066803112193, 1635066803112343, 150
10, 1635066803126569, 1635066803126716, 147
11, 1635066803141781, 1635066803141930, 149
12, 1635066803156959, 1635066803157106, 147
13, 1635066803172168, 1635066803172317, 149
14, 1635066803186550, 1635066803186696, 146
15, 1635066803200905, 1635066803201054, 149
16, 1635066803215287, 1635066803215446, 159
17, 1635066803229645, 1635066803229886, 241
18, 1635066803244025, 1635066803244172, 147
19, 1635066803259202, 1635066803259459, 257
20, 1635066803273586, 1635066803273732, 146
21, 1635066803287964, 1635066803288111, 147
22, 1635066803302316, 1635066803302462, 146
23, 1635066803316695, 1635066803316843, 148
24, 1635066803331046, 1635066803331192, 146
25, 1635066803346253, 1635066803346400, 147
26, 1635066803360602, 1635066803360748, 146
27, 1635066803375804, 1635066803375955, 151
28, 1635066803391016, 1635066803391258, 242
29, 1635066803405731, 1635066803405878, 147
30, 1635066803420940, 1635066803421087, 147
31, 1635066803436151, 1635066803436298, 147
32, 1635066803451331, 1635066803451489, 158
33, 1635066803466551, 1635066803466697, 146
34, 1635066803480969, 1635066803481117, 148
35, 1635066803495411, 1635066803495663, 252
36, 1635066803509897, 1635066803510043, 146
37, 1635066803524338, 1635066803524484, 146
38, 1635066803538807, 1635066803538953, 146
39, 1635066803553248, 1635066803553394, 146
40, 1635066803677518, 1635066803677759, 241
41, 1635066803691829, 1635066803691975, 146
42, 1635066803706169, 1635066803706316, 147
43, 1635066803720509, 1635066803720655, 146
44, 1635066803734815, 1635066803734961, 146
45, 1635066803749153, 1635066803749299, 146
46, 1635066803763462, 1635066803763608, 146
47, 1635066803777801, 1635066803777948, 147
48, 1635066803792110, 1635066803792255, 145
49, 1635066803807260, 1635066803807448, 188
50, 1635066803821632, 1635066803821778, 146
51, 1635066803835942, 1635066803836088, 146
52, 1635066803850284, 1635066803850548, 264
53, 1635066803864618, 1635066803864764, 146
54, 1635066803879781, 1635066803880022, 241
55, 1635066803894461, 1635066803894700, 239
56, 1635066803909167, 1635066803909407, 240
57, 1635066803923874, 1635066803924115, 241
58, 1635066803938558, 1635066803938797, 239
59, 1635066803953264, 1635066803953410, 146
60, 1635066803968406, 1635066803968552, 146
61, 1635066803982755, 1635066803982901, 146
62, 1635066803997076, 1635066803997222, 146
63, 1635066804011430, 1635066804011577, 147
64, 1635066804025787, 1635066804025933, 146
65, 1635066804040930, 1635066804041076, 146
66, 1635066804056106, 1635066804056252, 146
67, 1635066804070432, 1635066804070577, 145
68, 1635066804085619, 1635066804085768, 149
69, 1635066804099981, 1635066804100127, 146
70, 1635066804115135, 1635066804115282, 147
71, 1635066804129502, 1635066804129648, 146
72, 1635066804144671, 1635066804144816, 145
73, 1635066804158992, 1635066804159139, 147
74, 1635066804173344, 1635066804173490, 146
75, 1635066804187671, 1635066804187816, 145
76, 1635066804202029, 1635066804202175, 146
77, 1635066804217185, 1635066804217330, 145
78, 1635066804231566, 1635066804231805, 239
79, 1635066804245949, 1635066804246094, 145
80, 1635066804260300, 1635066804260444, 144
81, 1635066804275506, 1635066804275652, 146
82, 1635066804290684, 1635066804290830, 146
83, 1635066804305893, 1635066804306040, 147
84, 1635066804320274, 1635066804320419, 145
85, 1635066804335453, 1635066804335599, 146
86, 1635066804349837, 1635066804350142, 305
87, 1635066804364187, 1635066804364426, 239
88, 1635066804378567, 1635066804378711, 144
89, 1635066804392947, 1635066804393091, 144
90, 1635066804408124, 1635066804408268, 144
91, 1635066804423330, 1635066804423488, 158
92, 1635066804438550, 1635066804438695, 145
93, 1635066804453732, 1635066804453876, 144
94, 1635066804470687, 1635066804470834, 147
95, 1635066804485113, 1635066804485259, 146
96, 1635066804499508, 1635066804499654, 146
97, 1635066804514717, 1635066804514863, 146
98, 1635066804529951, 1635066804530098, 147
99, 1635066804545128, 1635066804545366, 238
100, 1635066804559799, 1635066804560039, 240
101, 1635066804574498, 1635066804574666, 168
102, 1635066804589845, 1635066804590087, 242
103, 1635066804604605, 1635066804604753, 148
104, 1635066804619893, 1635066804620039, 146
105, 1635066804635212, 1635066804635357, 145
106, 1635066804650439, 1635066804650584, 145
107, 1635066804665612, 1635066804665756, 144
108, 1635066804680776, 1635066804681017, 241
109, 1635066804695398, 1635066804695648, 250
110, 1635066804710049, 1635066804710289, 240
111, 1635066804724693, 1635066804724932, 239
112, 1635066804739314, 1635066804739565, 251
113, 1635066804753963, 1635066804754109, 146
114, 1635066804769112, 1635066804769352, 240
115, 1635066804783755, 1635066804783996, 241
116, 1635066804798399, 1635066804798640, 241
117, 1635066804813040, 1635066804813185, 145
118, 1635066804828208, 1635066804828355, 147
119, 1635066804843350, 1635066804843506, 156
120, 1635066804858530, 1635066804858677, 147
121, 1635066804873705, 1635066804873853, 148
122, 1635066804888847, 1635066804888992, 145
123, 1635066804904018, 1635066804904163, 145
124, 1635066804919189, 1635066804919335, 146
125, 1635066804934330, 1635066804934568, 238
126, 1635066804948973, 1635066804949212, 239
127, 1635066804963595, 1635066804963741, 146
128, 1635066804978766, 1635066804979005, 239
129, 1635066804993410, 1635066804993554, 144
130, 1635066805008548, 1635066805008695, 147
131, 1635066805023717, 1635066805023863, 146
132, 1635066805038888, 1635066805039033, 145
133, 1635066805054034, 1635066805054179, 145
134, 1635066805069193, 1635066805069338, 145
135, 1635066805084364, 1635066805084511, 147
136, 1635066805099519, 1635066805099667, 148
137, 1635066805114704, 1635066805114848, 144
138, 1635066805129890, 1635066805130035, 145
139, 1635066805145041, 1635066805145186, 145
140, 1635066805160210, 1635066805160355, 145
141, 1635066805175380, 1635066805175537, 157
142, 1635066805190534, 1635066805190679, 145
143, 1635066805205716, 1635066805205860, 144
144, 1635066805220897, 1635066805221079, 182
145, 1635066805238259, 1635066805238409, 150
146, 1635066805253428, 1635066805253574, 146
147, 1635066805268621, 1635066805268767, 146
148, 1635066805283812, 1635066805283958, 146
149, 1635066805298978, 1635066805299124, 146
150, 1635066805313389, 1635066805313537, 148
151, 1635066805328555, 1635066805328698, 143
152, 1635066805342964, 1635066805343132, 168
153, 1635066805357395, 1635066805357542, 147
154, 1635066805371776, 1635066805371922, 146
155, 1635066805386971, 1635066805387116, 145
156, 1635066805402136, 1635066805402282, 146
157, 1635066805417329, 1635066805417475, 146
158, 1635066805432521, 1635066805432668, 147
159, 1635066805447686, 1635066805447833, 147
160, 1635066805462095, 1635066805462242, 147
161, 1635066805476505, 1635066805476652, 147
162, 1635066805491671, 1635066805491911, 240
163, 1635066805506334, 1635066805506644, 310
164, 1635066805520716, 1635066805520957, 241
165, 1635066805535124, 1635066805535270, 146
166, 1635066805549509, 1635066805549656, 147
167, 1635066805563921, 1635066805564066, 145
168, 1635066805579111, 1635066805579257, 146
169, 1635066805594388, 1635066805594534, 146
170, 1635066805609690, 1635066805609836, 146
171, 1635066805624994, 1635066805625140, 146
172, 1635066805640272, 1635066805640416, 144
173, 1635066805655550, 1635066805655696, 146
174, 1635066805669938, 1635066805670083, 145
175, 1635066805684288, 1635066805684433, 145
176, 1635066805698668, 1635066805698815, 147
177, 1635066805713019, 1635066805713166, 147
178, 1635066805727403, 1635066805727558, 155
179, 1635066805741766, 1635066805741913, 147
180, 1635066805756148, 1635066805756293, 145
181, 1635066805770506, 1635066805770650, 144
182, 1635066805784886, 1635066805785033, 147
183, 1635066805799265, 1635066805799411, 146
184, 1635066805813617, 1635066805813764, 147
185, 1635066805831733, 1635066805831881, 148
186, 1635066805846870, 1635066805847015, 145
187, 1635066805861980, 1635066805862128, 148
188, 1635066805877112, 1635066805877259, 147
189, 1635066805892249, 1635066805892395, 146
190, 1635066805907383, 1635066805907540, 157
191, 1635066805922500, 1635066805922646, 146
192, 1635066805937639, 1635066805937784, 145
193, 1635066805952746, 1635066805952891, 145
194, 1635066805967878, 1635066805968022, 144
195, 1635066805983008, 1635066805983153, 145
196, 1635066805998115, 1635066805998261, 146
197, 1635066806013248, 1635066806013394, 146
198, 1635066806028382, 1635066806028527, 145
199, 1635066806043514, 1635066806043659, 145
200, 1635066806058624, 1635066806058769, 145
201, 1635066806073761, 1635066806073905, 144
202, 1635066806088864, 1635066806089014, 150
203, 1635066806104002, 1635066806104171, 169
204, 1635066806119159, 1635066806119304, 145
205, 1635066806134266, 1635066806134413, 147
206, 1635066806148637, 1635066806148783, 146
207, 1635066806163010, 1635066806163156, 146
208, 1635066806177358, 1635066806177505, 147
209, 1635066806191730, 1635066806191876, 146
210, 1635066806206075, 1635066806206220, 145
211, 1635066806220449, 1635066806220595, 146
212, 1635066806235554, 1635066806235700, 146
213, 1635066806249925, 1635066806250070, 145
214, 1635066806264263, 1635066806264408, 145
215, 1635066806278632, 1635066806278777, 145
216, 1635066806293001, 1635066806293146, 145
217, 1635066806307372, 1635066806307526, 154
218, 1635066806321726, 1635066806321872, 146
219, 1635066806336868, 1635066806337016, 148
220, 1635066806351233, 1635066806351378, 145
221, 1635066806365606, 1635066806365751, 145
222, 1635066806380774, 1635066806380918, 144
223, 1635066806395941, 1635066806396086, 145
224, 1635066806411080, 1635066806411225, 145
225, 1635066806426276, 1635066806426422, 146
226, 1635066806441415, 1635066806441563, 148
227, 1635066806455810, 1635066806455955, 145
228, 1635066806470181, 1635066806470326, 145
229, 1635066806484576, 1635066806484721, 145
230, 1635066806498943, 1635066806499088, 145
231, 1635066806513310, 1635066806513455, 145
232, 1635066806527706, 1635066806527851, 145
233, 1635066806542073, 1635066806542218, 145
234, 1635066806556495, 1635066806556641, 146
235, 1635066806570862, 1635066806571007, 145
236, 1635066806586032, 1635066806586177, 145
237, 1635066806601167, 1635066806601313, 146
238, 1635066806616331, 1635066806616476, 145
239, 1635066806631468, 1635066806631614, 146
240, 1635066806646632, 1635066806646777, 145
241, 1635066806661801, 1635066806661947, 146
242, 1635066806676165, 1635066806676309, 144
243, 1635066806691357, 1635066806691513, 156
244, 1635066806706505, 1635066806706649, 144
245, 1635066806721673, 1635066806721819, 146
246, 1635066806736038, 1635066806736183, 145
247, 1635066806750433, 1635066806750578, 145
248, 1635066806764796, 1635066806764941, 145
249, 1635066806779176, 1635066806779321, 145
250, 1635066806793642, 1635066806793788, 146
251, 1635066806808079, 1635066806808224, 145
252, 1635066806822573, 1635066806822718, 145
253, 1635066806837009, 1635066806837157, 148
254, 1635066806851475, 1635066806851642, 167
255, 1635066806865937, 1635066806866083, 146
256, 1635066806880383, 1635066806880528, 145
257, 1635066806894730, 1635066806894876, 146
258, 1635066806909079, 1635066806909226, 147
259, 1635066806923451, 1635066806923598, 147
260, 1635066806937798, 1635066806937944, 146
261, 1635066806952197, 1635066806952342, 145
262, 1635066806966545, 1635066806966689, 144
263, 1635066806981692, 1635066806981837, 145
264, 1635066806996037, 1635066806996181, 144
265, 1635066807010415, 1635066807010560, 145
266, 1635066807024760, 1635066807024907, 147
267, 1635066807039138, 1635066807039284, 146
268, 1635066807053482, 1635066807053627, 145
269, 1635066807067822, 1635066807067967, 145
270, 1635066807082223, 1635066807082384, 161
271, 1635066807096583, 1635066807096728, 145
272, 1635066807110953, 1635066807111098, 145
273, 1635066807125299, 1635066807125446, 147
274, 1635066807139671, 1635066807139816, 145
275, 1635066807154018, 1635066807154164, 146
276, 1635066807174353, 1635066807174501, 148
277, 1635066807188138, 1635066807188283, 145
278, 1635066807201950, 1635066807202095, 145
279, 1635066807216533, 1635066807216681, 148
280, 1635066807230317, 1635066807230463, 146
281, 1635066807244129, 1635066807244273, 144
282, 1635066807258680, 1635066807258825, 145
283, 1635066807273227, 1635066807273373, 146
284, 1635066807287813, 1635066807287958, 145
285, 1635066807302361, 1635066807302537, 176
286, 1635066807318263, 1635066807318413, 150
287, 1635066807332129, 1635066807332276, 147
288, 1635066807346765, 1635066807346911, 146
289, 1635066807361371, 1635066807361518, 147
290, 1635066807376005, 1635066807376151, 146
291, 1635066807390612, 1635066807390759, 147
292, 1635066807405217, 1635066807405364, 147
293, 1635066807419081, 1635066807419227, 146
294, 1635066807432914, 1635066807433060, 146
295, 1635066807446747, 1635066807446893, 146
296, 1635066807460646, 1635066807460792, 146
297, 1635066807474483, 1635066807474630, 147
298, 1635066807488318, 1635066807488465, 147
299, 1635066807502183, 1635066807502328, 145
300, 1635066807516021, 1635066807516167, 146
301, 1635066807530658, 1635066807530803, 145
302, 1635066807545273, 1635066807545418, 145
303, 1635066807559879, 1635066807560024, 145
304, 1635066807573755, 1635066807573901, 146
305, 1635066807588391, 1635066807588558, 167
306, 1635066807602281, 1635066807602428, 147
307, 1635066807616906, 1635066807617052, 146
308, 1635066807631527, 1635066807631671, 144
309, 1635066807646169, 1635066807646315, 146
310, 1635066807660790, 1635066807660936, 146
311, 1635066807675437, 1635066807675585, 148
312, 1635066807690063, 1635066807690209, 146
313, 1635066807704713, 1635066807704858, 145
314, 1635066807718604, 1635066807718751, 147
315, 1635066807733236, 1635066807733382, 146
316, 1635066807747904, 1635066807748048, 144
317, 1635066807762545, 1635066807762690, 145
318, 1635066807777212, 1635066807777359, 147
319, 1635066807791850, 1635066807791996, 146
320, 1635066807806520, 1635066807806665, 145
321, 1635066807821156, 1635066807821303, 147
322, 1635066807835820, 1635066807835966, 146
323, 1635066807849724, 1635066807849870, 146
324, 1635066807863589, 1635066807863738, 149
325, 1635066807877504, 1635066807877649, 145
326, 1635066807891370, 1635066807891525, 155
327, 1635066807905252, 1635066807905398, 146
328, 1635066807919151, 1635066807919296, 145
329, 1635066807933016, 1635066807933162, 146
330, 1635066807947654, 1635066807947799, 145
331, 1635066807962320, 1635066807962466, 146
332, 1635066807976986, 1635066807977131, 145
333, 1635066807991652, 1635066807991798, 146
334, 1635066808006306, 1635066808006453, 147
335, 1635066808020948, 1635066808021094, 146
336, 1635066808035572, 1635066808035718, 146
337, 1635066808050197, 1635066808050344, 147
338, 1635066808064838, 1635066808064984, 146
339, 1635066808079461, 1635066808079607, 146
340, 1635066808094106, 1635066808094253, 147
341, 1635066808108752, 1635066808108898, 146
342, 1635066808123400, 1635066808123554, 154
343, 1635066808138037, 1635066808138184, 147
344, 1635066808152683, 1635066808152829, 146
345, 1635066808167330, 1635066808167490, 160
346, 1635066808181183, 1635066808181328, 145
347, 1635066808195064, 1635066808195210, 146
348, 1635066808209691, 1635066808209836, 145
349, 1635066808223537, 1635066808223683, 146
350, 1635066808237445, 1635066808237591, 146
351, 1635066808251309, 1635066808251465, 156
352, 1635066808265214, 1635066808265359, 145
353, 1635066808279147, 1635066808279293, 146
354, 1635066808293051, 1635066808293195, 144
355, 1635066808306956, 1635066808307101, 145
356, 1635066808320892, 1635066808321037, 145
357, 1635066808334796, 1635066808334963, 167
358, 1635066808348725, 1635066808348870, 145
359, 1635066808363472, 1635066808363618, 146
360, 1635066808378117, 1635066808378263, 146
361, 1635066808391976, 1635066808392122, 146
362, 1635066808405806, 1635066808405951, 145
363, 1635066808419634, 1635066808419778, 144
364, 1635066808433507, 1635066808433653, 146
365, 1635066808447336, 1635066808447493, 157
366, 1635066808461173, 1635066808461319, 146
367, 1635066808479826, 1635066808479960, 134
368, 1635066808492671, 1635066808492823, 152
369, 1635066808506534, 1635066808506679, 145
370, 1635066808520365, 1635066808520510, 145
371, 1635066808534196, 1635066808534342, 146
372, 1635066808548055, 1635066808548200, 145
373, 1635066808561887, 1635066808562033, 146
374, 1635066808575718, 1635066808575863, 145
375, 1635066808589578, 1635066808589723, 145
376, 1635066808603437, 1635066808603584, 147
377, 1635066808617267, 1635066808617414, 147
378, 1635066808631125, 1635066808631273, 148
379, 1635066808644956, 1635066808645101, 145
380, 1635066808658784, 1635066808658930, 146
381, 1635066808672641, 1635066808672788, 147
382, 1635066808686468, 1635066808686613, 145
383, 1635066808700294, 1635066808700439, 145
384, 1635066808714151, 1635066808714298, 147
385, 1635066808728003, 1635066808728148, 145
386, 1635066808741831, 1635066808741975, 144
387, 1635066808755686, 1635066808755834, 148
388, 1635066808769525, 1635066808769671, 146
389, 1635066808783352, 1635066808783509, 157
390, 1635066808797219, 1635066808797364, 145
391, 1635066808811045, 1635066808811190, 145
392, 1635066808824874, 1635066808825019, 145
393, 1635066808838730, 1635066808838877, 147
394, 1635066808852586, 1635066808852732, 146
395, 1635066808866434, 1635066808866581, 147
396, 1635066808880292, 1635066808880436, 144
397, 1635066808894123, 1635066808894269, 146
398, 1635066808907951, 1635066808908098, 147
399, 1635066808921814, 1635066808921957, 143
