0, 1635066802972939, 1635066802973494, 555
1, 1635066802994954, 1635066802995213, 259
2, 1635066803009300, 1635066803009549, 249
3, 1635066803023661, 1635066803023813, 152
4, 1635066803037997, 1635066803038244, 247
5, 1635066803052349, 1635066803052662, 313
6, 1635066803067523, 1635066803067836, 313
7, 1635066803082672, 1635066803082986, 314
8, 1635066803097860, 1635066803098103, 243
9, 1635066803112193, 1635066803112437, 244
10, 1635066803126569, 1635066803126881, 312
11, 1635066803141781, 1635066803142093, 312
12, 1635066803156959, 1635066803157269, 310
13, 1635066803172168, 1635066803172413, 245
14, 1635066803186550, 1635066803186791, 241
15, 1635066803200905, 1635066803201148, 243
16, 1635066803215287, 1635066803215541, 254
17, 1635066803229645, 1635066803229791, 146
18, 1635066803244025, 1635066803244333, 308
19, 1635066803259202, 1635066803259351, 149
20, 1635066803273586, 1635066803273826, 240
21, 1635066803287964, 1635066803288205, 241
22, 1635066803302316, 1635066803302557, 241
23, 1635066803316695, 1635066803316937, 242
24, 1635066803331046, 1635066803331352, 306
25, 1635066803346253, 1635066803346494, 241
26, 1635066803360602, 1635066803360909, 307
27, 1635066803375804, 1635066803376120, 316
28, 1635066803391016, 1635066803391325, 309
29, 1635066803405731, 1635066803406040, 309
30, 1635066803420940, 1635066803421249, 309
31, 1635066803436151, 1635066803436460, 309
32, 1635066803451331, 1635066803451650, 319
33, 1635066803466551, 1635066803466791, 240
34, 1635066803480969, 1635066803481211, 242
35, 1635066803495411, 1635066803495568, 157
36, 1635066803509897, 1635066803510138, 241
37, 1635066803524338, 1635066803524579, 241
38, 1635066803538807, 1635066803539048, 241
39, 1635066803553248, 1635066803553487, 239
40, 1635066803677518, 1635066803677663, 145
41, 1635066803691829, 1635066803692069, 240
42, 1635066803706169, 1635066803706410, 241
43, 1635066803720509, 1635066803720749, 240
44, 1635066803734815, 1635066803735055, 240
45, 1635066803749153, 1635066803749393, 240
46, 1635066803763462, 1635066803763704, 242
47, 1635066803777801, 1635066803778041, 240
48, 1635066803792110, 1635066803792416, 306
49, 1635066803807260, 1635066803807550, 290
50, 1635066803821632, 1635066803821872, 240
51, 1635066803835942, 1635066803836182, 240
52, 1635066803850284, 1635066803850452, 168
53, 1635066803864618, 1635066803864925, 307
54, 1635066803879781, 1635066803880089, 308
55, 1635066803894461, 1635066803894766, 305
56, 1635066803909167, 1635066803909473, 306
57, 1635066803923874, 1635066803924182, 308
58, 1635066803938558, 1635066803938864, 306
59, 1635066803953264, 1635066803953570, 306
60, 1635066803968406, 1635066803968646, 240
61, 1635066803982755, 1635066803982995, 240
62, 1635066803997076, 1635066803997316, 240
63, 1635066804011430, 1635066804011670, 240
64, 1635066804025787, 1635066804026095, 308
65, 1635066804040930, 1635066804041236, 306
66, 1635066804056106, 1635066804056347, 241
67, 1635066804070432, 1635066804070737, 305
68, 1635066804085619, 1635066804085864, 245
69, 1635066804099981, 1635066804100287, 306
70, 1635066804115135, 1635066804115376, 241
71, 1635066804129502, 1635066804129809, 307
72, 1635066804144671, 1635066804144911, 240
73, 1635066804158992, 1635066804159231, 239
74, 1635066804173344, 1635066804173584, 240
75, 1635066804187671, 1635066804187910, 239
76, 1635066804202029, 1635066804202335, 306
77, 1635066804217185, 1635066804217424, 239
78, 1635066804231566, 1635066804231711, 145
79, 1635066804245949, 1635066804246188, 239
80, 1635066804260300, 1635066804260603, 303
81, 1635066804275506, 1635066804275812, 306
82, 1635066804290684, 1635066804290989, 305
83, 1635066804305893, 1635066804306133, 240
84, 1635066804320274, 1635066804320581, 307
85, 1635066804335453, 1635066804335694, 241
86, 1635066804349837, 1635066804349982, 145
87, 1635066804364187, 1635066804364331, 144
88, 1635066804378567, 1635066804378804, 237
89, 1635066804392947, 1635066804393251, 304
90, 1635066804408124, 1635066804408429, 305
91, 1635066804423330, 1635066804423647, 317
92, 1635066804438550, 1635066804438856, 306
93, 1635066804453732, 1635066804453993, 261
94, 1635066804470687, 1635066804470930, 243
95, 1635066804485113, 1635066804485353, 240
96, 1635066804499508, 1635066804499816, 308
97, 1635066804514717, 1635066804515023, 306
98, 1635066804529951, 1635066804530259, 308
99, 1635066804545128, 1635066804545433, 305
100, 1635066804559799, 1635066804560106, 307
101, 1635066804574498, 1635066804574841, 343
102, 1635066804589845, 1635066804590153, 308
103, 1635066804604605, 1635066804604916, 311
104, 1635066804619893, 1635066804620201, 308
105, 1635066804635212, 1635066804635533, 321
106, 1635066804650439, 1635066804650745, 306
107, 1635066804665612, 1635066804665916, 304
108, 1635066804680776, 1635066804681082, 306
109, 1635066804695398, 1635066804695714, 316
110, 1635066804710049, 1635066804710355, 306
111, 1635066804724693, 1635066804724998, 305
112, 1635066804739314, 1635066804739631, 317
113, 1635066804753963, 1635066804754269, 306
114, 1635066804769112, 1635066804769418, 306
115, 1635066804783755, 1635066804784063, 308
116, 1635066804798399, 1635066804798706, 307
117, 1635066804813040, 1635066804813347, 307
118, 1635066804828208, 1635066804828517, 309
119, 1635066804843350, 1635066804843667, 317
120, 1635066804858530, 1635066804858840, 310
121, 1635066804873705, 1635066804874015, 310
122, 1635066804888847, 1635066804889153, 306
123, 1635066804904018, 1635066804904324, 306
124, 1635066804919189, 1635066804919510, 321
125, 1635066804934330, 1635066804934635, 305
126, 1635066804948973, 1635066804949278, 305
127, 1635066804963595, 1635066804963901, 306
128, 1635066804978766, 1635066804979073, 307
129, 1635066804993410, 1635066804993717, 307
130, 1635066805008548, 1635066805008858, 310
131, 1635066805023717, 1635066805024024, 307
132, 1635066805038888, 1635066805039193, 305
133, 1635066805054034, 1635066805054339, 305
134, 1635066805069193, 1635066805069500, 307
135, 1635066805084364, 1635066805084672, 308
136, 1635066805099519, 1635066805099829, 310
137, 1635066805114704, 1635066805115010, 306
138, 1635066805129890, 1635066805130196, 306
139, 1635066805145041, 1635066805145345, 304
140, 1635066805160210, 1635066805160517, 307
141, 1635066805175380, 1635066805175700, 320
142, 1635066805190534, 1635066805190840, 306
143, 1635066805205716, 1635066805206023, 307
144, 1635066805220897, 1635066805221229, 332
145, 1635066805238259, 1635066805238570, 311
146, 1635066805253428, 1635066805253735, 307
147, 1635066805268621, 1635066805268927, 306
148, 1635066805283812, 1635066805284120, 308
149, 1635066805298978, 1635066805299218, 240
150, 1635066805313389, 1635066805313698, 309
151, 1635066805328555, 1635066805328792, 237
152, 1635066805342964, 1635066805343233, 269
153, 1635066805357395, 1635066805357635, 240
154, 1635066805371776, 1635066805372082, 306
155, 1635066805386971, 1635066805387276, 305
156, 1635066805402136, 1635066805402443, 307
157, 1635066805417329, 1635066805417636, 307
158, 1635066805432521, 1635066805432828, 307
159, 1635066805447686, 1635066805447927, 241
160, 1635066805462095, 1635066805462336, 241
161, 1635066805476505, 1635066805476813, 308
162, 1635066805491671, 1635066805491978, 307
163, 1635066805506334, 1635066805506577, 243
164, 1635066805520716, 1635066805520862, 146
165, 1635066805535124, 1635066805535364, 240
166, 1635066805549509, 1635066805549749, 240
167, 1635066805563921, 1635066805564228, 307
168, 1635066805579111, 1635066805579417, 306
169, 1635066805594388, 1635066805594694, 306
170, 1635066805609690, 1635066805609997, 307
171, 1635066805624994, 1635066805625300, 306
172, 1635066805640272, 1635066805640576, 304
173, 1635066805655550, 1635066805655790, 240
174, 1635066805669938, 1635066805670178, 240
175, 1635066805684288, 1635066805684527, 239
176, 1635066805698668, 1635066805698908, 240
177, 1635066805713019, 1635066805713259, 240
178, 1635066805727403, 1635066805727652, 249
179, 1635066805741766, 1635066805742007, 241
180, 1635066805756148, 1635066805756386, 238
181, 1635066805770506, 1635066805770745, 239
182, 1635066805784886, 1635066805785127, 241
183, 1635066805799265, 1635066805799517, 252
184, 1635066805813617, 1635066805813877, 260
185, 1635066805831733, 1635066805832044, 311
186, 1635066805846870, 1635066805847176, 306
187, 1635066805861980, 1635066805862291, 311
188, 1635066805877112, 1635066805877419, 307
189, 1635066805892249, 1635066805892557, 308
190, 1635066805907383, 1635066805907699, 316
191, 1635066805922500, 1635066805922807, 307
192, 1635066805937639, 1635066805937944, 305
193, 1635066805952746, 1635066805953052, 306
194, 1635066805967878, 1635066805968182, 304
195, 1635066805983008, 1635066805983313, 305
196, 1635066805998115, 1635066805998421, 306
197, 1635066806013248, 1635066806013553, 305
198, 1635066806028382, 1635066806028688, 306
199, 1635066806043514, 1635066806043820, 306
200, 1635066806058624, 1635066806058929, 305
201, 1635066806073761, 1635066806074066, 305
202, 1635066806088864, 1635066806089178, 314
203, 1635066806104002, 1635066806104347, 345
204, 1635066806119159, 1635066806119479, 320
205, 1635066806134266, 1635066806134507, 241
206, 1635066806148637, 1635066806148877, 240
207, 1635066806163010, 1635066806163250, 240
208, 1635066806177358, 1635066806177599, 241
209, 1635066806191730, 1635066806191969, 239
210, 1635066806206075, 1635066806206313, 238
211, 1635066806220449, 1635066806220755, 306
212, 1635066806235554, 1635066806235794, 240
213, 1635066806249925, 1635066806250164, 239
214, 1635066806264263, 1635066806264501, 238
215, 1635066806278632, 1635066806278871, 239
216, 1635066806293001, 1635066806293239, 238
217, 1635066806307372, 1635066806307620, 248
218, 1635066806321726, 1635066806322031, 305
219, 1635066806336868, 1635066806337113, 245
220, 1635066806351233, 1635066806351484, 251
221, 1635066806365606, 1635066806365911, 305
222, 1635066806380774, 1635066806381079, 305
223, 1635066806395941, 1635066806396246, 305
224, 1635066806411080, 1635066806411386, 306
225, 1635066806426276, 1635066806426581, 305
226, 1635066806441415, 1635066806441656, 241
227, 1635066806455810, 1635066806456050, 240
228, 1635066806470181, 1635066806470420, 239
229, 1635066806484576, 1635066806484816, 240
230, 1635066806498943, 1635066806499182, 239
231, 1635066806513310, 1635066806513549, 239
232, 1635066806527706, 1635066806527946, 240
233, 1635066806542073, 1635066806542311, 238
234, 1635066806556495, 1635066806556736, 241
235, 1635066806570862, 1635066806571166, 304
236, 1635066806586032, 1635066806586337, 305
237, 1635066806601167, 1635066806601473, 306
238, 1635066806616331, 1635066806616637, 306
239, 1635066806631468, 1635066806631775, 307
240, 1635066806646632, 1635066806646937, 305
241, 1635066806661801, 1635066806662042, 241
242, 1635066806676165, 1635066806676469, 304
243, 1635066806691357, 1635066806691673, 316
244, 1635066806706505, 1635066806706809, 304
245, 1635066806721673, 1635066806721914, 241
246, 1635066806736038, 1635066806736277, 239
247, 1635066806750433, 1635066806750672, 239
248, 1635066806764796, 1635066806765035, 239
249, 1635066806779176, 1635066806779416, 240
250, 1635066806793642, 1635066806793881, 239
251, 1635066806808079, 1635066806808317, 238
252, 1635066806822573, 1635066806822811, 238
253, 1635066806837009, 1635066806837250, 241
254, 1635066806851475, 1635066806851744, 269
255, 1635066806865937, 1635066806866179, 242
256, 1635066806880383, 1635066806880623, 240
257, 1635066806894730, 1635066806894970, 240
258, 1635066806909079, 1635066806909320, 241
259, 1635066806923451, 1635066806923692, 241
260, 1635066806937798, 1635066806938038, 240
261, 1635066806952197, 1635066806952436, 239
262, 1635066806966545, 1635066806966849, 304
263, 1635066806981692, 1635066806981931, 239
264, 1635066806996037, 1635066806996275, 238
265, 1635066807010415, 1635066807010654, 239
266, 1635066807024760, 1635066807025000, 240
267, 1635066807039138, 1635066807039378, 240
268, 1635066807053482, 1635066807053721, 239
269, 1635066807067822, 1635066807068061, 239
270, 1635066807082223, 1635066807082479, 256
271, 1635066807096583, 1635066807096822, 239
272, 1635066807110953, 1635066807111192, 239
273, 1635066807125299, 1635066807125542, 243
274, 1635066807139671, 1635066807139910, 239
275, 1635066807154018, 1635066807154362, 344
276, 1635066807174353, 1635066807174664, 311
277, 1635066807188138, 1635066807188445, 307
278, 1635066807201950, 1635066807202189, 239
279, 1635066807216533, 1635066807216842, 309
280, 1635066807230317, 1635066807230624, 307
281, 1635066807244129, 1635066807244367, 238
282, 1635066807258680, 1635066807258919, 239
283, 1635066807273227, 1635066807273468, 241
284, 1635066807287813, 1635066807288052, 239
285, 1635066807302361, 1635066807302686, 325
286, 1635066807318263, 1635066807318574, 311
287, 1635066807332129, 1635066807332370, 241
288, 1635066807346765, 1635066807347004, 239
289, 1635066807361371, 1635066807361612, 241
290, 1635066807376005, 1635066807376245, 240
291, 1635066807390612, 1635066807390852, 240
292, 1635066807405217, 1635066807405525, 308
293, 1635066807419081, 1635066807419387, 306
294, 1635066807432914, 1635066807433220, 306
295, 1635066807446747, 1635066807447052, 305
296, 1635066807460646, 1635066807460951, 305
297, 1635066807474483, 1635066807474792, 309
298, 1635066807488318, 1635066807488624, 306
299, 1635066807502183, 1635066807502488, 305
300, 1635066807516021, 1635066807516262, 241
301, 1635066807530658, 1635066807530896, 238
302, 1635066807545273, 1635066807545511, 238
303, 1635066807559879, 1635066807560183, 304
304, 1635066807573755, 1635066807573995, 240
305, 1635066807588391, 1635066807588735, 344
306, 1635066807602281, 1635066807602521, 240
307, 1635066807616906, 1635066807617146, 240
308, 1635066807631527, 1635066807631765, 238
309, 1635066807646169, 1635066807646410, 241
310, 1635066807660790, 1635066807661029, 239
311, 1635066807675437, 1635066807675679, 242
312, 1635066807690063, 1635066807690302, 239
313, 1635066807704713, 1635066807705019, 306
314, 1635066807718604, 1635066807718844, 240
315, 1635066807733236, 1635066807733477, 241
316, 1635066807747904, 1635066807748142, 238
317, 1635066807762545, 1635066807762784, 239
318, 1635066807777212, 1635066807777452, 240
319, 1635066807791850, 1635066807792091, 241
320, 1635066807806520, 1635066807806759, 239
321, 1635066807821156, 1635066807821397, 241
322, 1635066807835820, 1635066807836125, 305
323, 1635066807849724, 1635066807850031, 307
324, 1635066807863589, 1635066807863899, 310
325, 1635066807877504, 1635066807877810, 306
326, 1635066807891370, 1635066807891685, 315
327, 1635066807905252, 1635066807905557, 305
328, 1635066807919151, 1635066807919470, 319
329, 1635066807933016, 1635066807933255, 239
330, 1635066807947654, 1635066807947893, 239
331, 1635066807962320, 1635066807962560, 240
332, 1635066807976986, 1635066807977224, 238
333, 1635066807991652, 1635066807991892, 240
334, 1635066808006306, 1635066808006547, 241
335, 1635066808020948, 1635066808021187, 239
336, 1635066808035572, 1635066808035812, 240
337, 1635066808050197, 1635066808050438, 241
338, 1635066808064838, 1635066808065078, 240
339, 1635066808079461, 1635066808079701, 240
340, 1635066808094106, 1635066808094349, 243
341, 1635066808108752, 1635066808108993, 241
342, 1635066808123400, 1635066808123648, 248
343, 1635066808138037, 1635066808138278, 241
344, 1635066808152683, 1635066808152922, 239
345, 1635066808167330, 1635066808167650, 320
346, 1635066808181183, 1635066808181489, 306
347, 1635066808195064, 1635066808195304, 240
348, 1635066808209691, 1635066808209996, 305
349, 1635066808223537, 1635066808223842, 305
350, 1635066808237445, 1635066808237750, 305
351, 1635066808251309, 1635066808251627, 318
352, 1635066808265214, 1635066808265519, 305
353, 1635066808279147, 1635066808279466, 319
354, 1635066808293051, 1635066808293354, 303
355, 1635066808306956, 1635066808307262, 306
356, 1635066808320892, 1635066808321196, 304
357, 1635066808334796, 1635066808335138, 342
358, 1635066808348725, 1635066808348963, 238
359, 1635066808363472, 1635066808363711, 239
360, 1635066808378117, 1635066808378422, 305
361, 1635066808391976, 1635066808392281, 305
362, 1635066808405806, 1635066808406111, 305
363, 1635066808419634, 1635066808419938, 304
364, 1635066808433507, 1635066808433812, 305
365, 1635066808447336, 1635066808447652, 316
366, 1635066808461173, 1635066808461434, 261
367, 1635066808479826, 1635066808480087, 261
368, 1635066808492671, 1635066808492917, 246
369, 1635066808506534, 1635066808506774, 240
370, 1635066808520365, 1635066808520605, 240
371, 1635066808534196, 1635066808534436, 240
372, 1635066808548055, 1635066808548294, 239
373, 1635066808561887, 1635066808562126, 239
374, 1635066808575718, 1635066808575957, 239
375, 1635066808589578, 1635066808589817, 239
376, 1635066808603437, 1635066808603678, 241
377, 1635066808617267, 1635066808617507, 240
378, 1635066808631125, 1635066808631367, 242
379, 1635066808644956, 1635066808645195, 239
380, 1635066808658784, 1635066808659024, 240
381, 1635066808672641, 1635066808672880, 239
382, 1635066808686468, 1635066808686706, 238
383, 1635066808700294, 1635066808700532, 238
384, 1635066808714151, 1635066808714390, 239
385, 1635066808728003, 1635066808728241, 238
386, 1635066808741831, 1635066808742070, 239
387, 1635066808755686, 1635066808755927, 241
388, 1635066808769525, 1635066808769765, 240
389, 1635066808783352, 1635066808783603, 251
390, 1635066808797219, 1635066808797459, 240
391, 1635066808811045, 1635066808811283, 238
392, 1635066808824874, 1635066808825114, 240
393, 1635066808838730, 1635066808838971, 241
394, 1635066808852586, 1635066808852825, 239
395, 1635066808866434, 1635066808866674, 240
396, 1635066808880292, 1635066808880529, 237
397, 1635066808894123, 1635066808894362, 239
398, 1635066808907951, 1635066808908192, 241
399, 1635066808921814, 1635066808922050, 236
