0, 1635066360207986, 1635066360208014, 28
1, 1635066360314276, 1635066360314294, 18
2, 1635066360416700, 1635066360416717, 17
3, 1635066360519097, 1635066360519115, 18
4, 1635066360621503, 1635066360621519, 16
5, 1635066360723912, 1635066360723928, 16
6, 1635066360826335, 1635066360826352, 17
7, 1635066360928787, 1635066360928803, 16
8, 1635066361031220, 1635066361031237, 17
9, 1635066361136941, 1635066361136956, 15
10, 1635066361239294, 1635066361239310, 16
11, 1635066361341681, 1635066361341697, 16
12, 1635066361444049, 1635066361444064, 15
13, 1635066361546428, 1635066361546444, 16
14, 1635066361648842, 1635066361648857, 15
15, 1635066361751257, 1635066361751273, 16
16, 1635066361853727, 1635066361853742, 15
17, 1635066361956178, 1635066361956194, 16
18, 1635066362058638, 1635066362058654, 16
19, 1635066362161107, 1635066362161122, 15
20, 1635066362263614, 1635066362263630, 16
21, 1635066362366132, 1635066362366148, 16
22, 1635066362468629, 1635066362468645, 16
23, 1635066362571129, 1635066362571146, 17
24, 1635066362673645, 1635066362673661, 16
25, 1635066362776196, 1635066362776211, 15
26, 1635066362878731, 1635066362878747, 16
27, 1635066362981273, 1635066362981289, 16
28, 1635066363083826, 1635066363083842, 16
29, 1635066363333619, 1635066363333635, 16
30, 1635066363444699, 1635066363444715, 16
31, 1635066363551142, 1635066363551158, 16
32, 1635066363657652, 1635066363657668, 16
33, 1635066363764216, 1635066363764231, 15
34, 1635066363870356, 1635066363870371, 15
35, 1635066363976573, 1635066363976588, 15
36, 1635066364082779, 1635066364082795, 16
37, 1635066364188974, 1635066364188989, 15
38, 1635066364295176, 1635066364295190, 14
39, 1635066364401409, 1635066364401425, 16
40, 1635066364507745, 1635066364507760, 15
41, 1635066364614039, 1635066364614055, 16
42, 1635066364720359, 1635066364720374, 15
43, 1635066364826694, 1635066364826709, 15
44, 1635066364933055, 1635066364933071, 16
45, 1635066365039409, 1635066365039425, 16
46, 1635066365145726, 1635066365145742, 16
47, 1635066365252098, 1635066365252114, 16
48, 1635066365358511, 1635066365358527, 16
49, 1635066365464929, 1635066365464974, 45
50, 1635066365574672, 1635066365574688, 16
51, 1635066365680928, 1635066365680944, 16
52, 1635066365787164, 1635066365787180, 16
53, 1635066365893454, 1635066365893470, 16
54, 1635066365999630, 1635066365999647, 17
55, 1635066366105816, 1635066366105832, 16
56, 1635066366211968, 1635066366211983, 15
57, 1635066366318192, 1635066366318208, 16
58, 1635066366424408, 1635066366424424, 16
59, 1635066366530609, 1635066366530625, 16
60, 1635066366636745, 1635066366636760, 15
61, 1635066366742941, 1635066366742956, 15
62, 1635066366849219, 1635066366849235, 16
63, 1635066366955434, 1635066366955449, 15
64, 1635066367061580, 1635066367061595, 15
65, 1635066367167766, 1635066367167782, 16
66, 1635066367273930, 1635066367273945, 15
67, 1635066367380206, 1635066367380222, 16
68, 1635066367486454, 1635066367486469, 15
69, 1635066367592686, 1635066367592702, 16
70, 1635066367702223, 1635066367702238, 15
71, 1635066367808379, 1635066367808400, 21
72, 1635066367914539, 1635066367914555, 16
73, 1635066368020642, 1635066368020658, 16
74, 1635066368126775, 1635066368126791, 16
75, 1635066368232915, 1635066368232931, 16
76, 1635066368339138, 1635066368339153, 15
77, 1635066368445322, 1635066368445338, 16
78, 1635066368551488, 1635066368551504, 16
79, 1635066368657664, 1635066368657680, 16
80, 1635066368763897, 1635066368763912, 15
81, 1635066368870141, 1635066368870157, 16
82, 1635066368976369, 1635066368976385, 16
83, 1635066369082608, 1635066369082624, 16
84, 1635066369188858, 1635066369188873, 15
85, 1635066369295164, 1635066369295180, 16
86, 1635066369401430, 1635066369401445, 15
87, 1635066369507708, 1635066369507723, 15
88, 1635066369613969, 1635066369613985, 16
89, 1635066369720310, 1635066369720325, 15
90, 1635066369829937, 1635066369829952, 15
91, 1635066369936068, 1635066369936083, 15
92, 1635066370042183, 1635066370042199, 16
93, 1635066370148335, 1635066370148350, 15
94, 1635066370254517, 1635066370254532, 15
95, 1635066370360660, 1635066370360677, 17
96, 1635066370478637, 1635066370478655, 18
97, 1635066370587890, 1635066370587906, 16
98, 1635066370697168, 1635066370697184, 16
99, 1635066370806561, 1635066370806577, 16
100, 1635066370915914, 1635066370915929, 15
101, 1635066371025331, 1635066371025376, 45
102, 1635066371131629, 1635066371131645, 16
103, 1635066371241204, 1635066371241220, 16
104, 1635066371347340, 1635066371347356, 16
105, 1635066371456577, 1635066371456592, 15
106, 1635066371565797, 1635066371565813, 16
107, 1635066371675075, 1635066371675091, 16
108, 1635066371781349, 1635066371781365, 16
109, 1635066371887538, 1635066371887554, 16
110, 1635066371993739, 1635066371993755, 16
111, 1635066372103173, 1635066372103188, 15
112, 1635066372212568, 1635066372212584, 16
113, 1635066372322201, 1635066372322217, 16
114, 1635066372431511, 1635066372431527, 16
115, 1635066372540584, 1635066372540599, 15
116, 1635066372646772, 1635066372646789, 17
117, 1635066372752960, 1635066372752977, 17
118, 1635066372859178, 1635066372859196, 18
119, 1635066372968566, 1635066372968582, 16
120, 1635066373078050, 1635066373078068, 18
121, 1635066373190535, 1635066373190551, 16
122, 1635066373296818, 1635066373296834, 16
123, 1635066373406530, 1635066373406546, 16
124, 1635066373515918, 1635066373515933, 15
125, 1635066373625113, 1635066373625128, 15
126, 1635066373731240, 1635066373731256, 16
127, 1635066373837370, 1635066373837385, 15
128, 1635066373943641, 1635066373943656, 15
129, 1635066374049976, 1635066374049992, 16
130, 1635066374159430, 1635066374159446, 16
131, 1635066374265627, 1635066374265643, 16
132, 1635066374371892, 1635066374371908, 16
133, 1635066374484574, 1635066374484588, 14
134, 1635066374593809, 1635066374593825, 16
135, 1635066374700013, 1635066374700029, 16
136, 1635066374809244, 1635066374809260, 16
137, 1635066374918528, 1635066374918544, 16
138, 1635066375024771, 1635066375024786, 15
139, 1635066375130961, 1635066375130976, 15
140, 1635066375246286, 1635066375246301, 15
141, 1635066375352303, 1635066375352320, 17
142, 1635066375458415, 1635066375458431, 16
143, 1635066375564468, 1635066375564484, 16
144, 1635066375672668, 1635066375672684, 16
145, 1635066375778431, 1635066375778446, 15
146, 1635066375884302, 1635066375884318, 16
147, 1635066375990219, 1635066375990235, 16
148, 1635066376096138, 1635066376096154, 16
149, 1635066376201988, 1635066376202003, 15
150, 1635066376307877, 1635066376307893, 16
151, 1635066376413732, 1635066376413747, 15
152, 1635066376519736, 1635066376519779, 43
153, 1635066376625751, 1635066376625767, 16
154, 1635066376731786, 1635066376731801, 15
155, 1635066376837776, 1635066376837791, 15
156, 1635066376943825, 1635066376943841, 16
157, 1635066377049945, 1635066377049960, 15
158, 1635066377156056, 1635066377156071, 15
159, 1635066377262186, 1635066377262201, 15
160, 1635066377368246, 1635066377368261, 15
161, 1635066377474402, 1635066377474417, 15
162, 1635066377582695, 1635066377582711, 16
163, 1635066377688640, 1635066377688655, 15
164, 1635066377794530, 1635066377794545, 15
165, 1635066377900543, 1635066377900560, 17
166, 1635066378006533, 1635066378006548, 15
167, 1635066378112496, 1635066378112511, 15
168, 1635066378218436, 1635066378218452, 16
169, 1635066378324400, 1635066378324415, 15
170, 1635066378430508, 1635066378430523, 15
171, 1635066378536535, 1635066378536550, 15
172, 1635066378642549, 1635066378642564, 15
173, 1635066378748547, 1635066378748563, 16
174, 1635066378854582, 1635066378854598, 16
175, 1635066378960684, 1635066378960699, 15
176, 1635066379066708, 1635066379066723, 15
177, 1635066379172814, 1635066379172829, 15
178, 1635066379278881, 1635066379278896, 15
179, 1635066379384886, 1635066379384901, 15
180, 1635066379490835, 1635066379490850, 15
181, 1635066379599063, 1635066379599079, 16
182, 1635066379704919, 1635066379704934, 15
183, 1635066379810771, 1635066379810787, 16
184, 1635066379916754, 1635066379916770, 16
185, 1635066380022771, 1635066380022787, 16
186, 1635066380128894, 1635066380128910, 16
187, 1635066380235033, 1635066380235048, 15
188, 1635066380341115, 1635066380341131, 16
189, 1635066380460254, 1635066380460270, 16
190, 1635066380566603, 1635066380566619, 16
191, 1635066380668862, 1635066380668878, 16
192, 1635066380771145, 1635066380771161, 16
193, 1635066380874070, 1635066380874085, 15
194, 1635066380980324, 1635066380980340, 16
195, 1635066381082479, 1635066381082495, 16
196, 1635066381185274, 1635066381185289, 15
197, 1635066381288086, 1635066381288102, 16
198, 1635066381390294, 1635066381390309, 15
199, 1635066381493141, 1635066381493156, 15
200, 1635066381596004, 1635066381596020, 16
201, 1635066381698917, 1635066381698933, 16
202, 1635066381801815, 1635066381801830, 15
203, 1635066381905400, 1635066381905441, 41
204, 1635066382011031, 1635066382011047, 16
205, 1635066382113805, 1635066382113821, 16
206, 1635066382215971, 1635066382215987, 16
207, 1635066382318154, 1635066382318170, 16
208, 1635066382420979, 1635066382420995, 16
209, 1635066382523827, 1635066382523842, 15
210, 1635066382626720, 1635066382626737, 17
211, 1635066382729607, 1635066382729622, 15
212, 1635066382832512, 1635066382832530, 18
213, 1635066382935484, 1635066382935499, 15
214, 1635066383041717, 1635066383041733, 16
215, 1635066383143866, 1635066383143881, 15
216, 1635066383246687, 1635066383246702, 15
217, 1635066383349493, 1635066383349508, 15
218, 1635066383451695, 1635066383451711, 16
219, 1635066383554572, 1635066383554587, 15
220, 1635066383657434, 1635066383657449, 15
221, 1635066383760314, 1635066383760330, 16
222, 1635066383863248, 1635066383863264, 16
223, 1635066383966183, 1635066383966199, 16
224, 1635066384072415, 1635066384072431, 16
225, 1635066384175216, 1635066384175232, 16
226, 1635066384277385, 1635066384277400, 15
227, 1635066384380195, 1635066384380210, 15
228, 1635066384483061, 1635066384483077, 16
229, 1635066384585908, 1635066384585924, 16
230, 1635066384688772, 1635066384688787, 15
231, 1635066384791682, 1635066384791697, 15
232, 1635066384894589, 1635066384894605, 16
233, 1635066384997507, 1635066384997523, 16
234, 1635066385103763, 1635066385103778, 15
235, 1635066385206538, 1635066385206553, 15
236, 1635066385309328, 1635066385309344, 16
237, 1635066385412171, 1635066385412187, 16
238, 1635066385515007, 1635066385515023, 16
239, 1635066385617855, 1635066385617870, 15
240, 1635066385720751, 1635066385720766, 15
241, 1635066385823634, 1635066385823650, 16
242, 1635066385926545, 1635066385926560, 15
243, 1635066386029492, 1635066386029508, 16
244, 1635066386135137, 1635066386135153, 16
245, 1635066386237912, 1635066386237928, 16
246, 1635066386340080, 1635066386340095, 15
247, 1635066386442888, 1635066386442903, 15
248, 1635066386545715, 1635066386545730, 15
249, 1635066386648587, 1635066386648603, 16
250, 1635066386751450, 1635066386751465, 15
251, 1635066386854338, 1635066386854352, 14
252, 1635066386957267, 1635066386957282, 15
253, 1635066387059565, 1635066387059580, 15
254, 1635066387165173, 1635066387165213, 40
255, 1635066387267345, 1635066387267361, 16
256, 1635066387369514, 1635066387369529, 15
257, 1635066387471705, 1635066387471721, 16
258, 1635066387573918, 1635066387573933, 15
259, 1635066387676148, 1635066387676164, 16
260, 1635066387778401, 1635066387778416, 15
261, 1635066387880671, 1635066387880687, 16
262, 1635066387983593, 1635066387983609, 16
263, 1635066388086532, 1635066388086547, 15
264, 1635066388192152, 1635066388192167, 15
265, 1635066388294311, 1635066388294326, 15
266, 1635066388397116, 1635066388397131, 15
267, 1635066388499968, 1635066388499983, 15
268, 1635066388602224, 1635066388602239, 15
269, 1635066388705085, 1635066388705101, 16
270, 1635066388807992, 1635066388808008, 16
271, 1635066388910916, 1635066388910931, 15
272, 1635066389013834, 1635066389013850, 16
273, 1635066389116799, 1635066389116814, 15
274, 1635066389223044, 1635066389223060, 16
275, 1635066389325832, 1635066389325847, 15
276, 1635066389428666, 1635066389428682, 16
277, 1635066389534239, 1635066389534255, 16
278, 1635066389636661, 1635066389636676, 15
279, 1635066389739125, 1635066389739141, 16
280, 1635066389841558, 1635066389841574, 16
281, 1635066389943999, 1635066389944015, 16
282, 1635066390051601, 1635066390051617, 16
283, 1635066390153918, 1635066390153934, 16
284, 1635066390256255, 1635066390256271, 16
285, 1635066390358703, 1635066390358718, 15
286, 1635066390464424, 1635066390464439, 15
287, 1635066390566676, 1635066390566692, 16
288, 1635066390668935, 1635066390668951, 16
289, 1635066390771233, 1635066390771248, 15
290, 1635066390873514, 1635066390873529, 15
291, 1635066390975805, 1635066390975822, 17
292, 1635066391078104, 1635066391078120, 16
293, 1635066391180410, 1635066391180426, 16
294, 1635066391282694, 1635066391282711, 17
295, 1635066391385027, 1635066391385042, 15
296, 1635066391487370, 1635066391487385, 15
297, 1635066391589721, 1635066391589737, 16
298, 1635066391692138, 1635066391692153, 15
299, 1635066391794508, 1635066391794524, 16
300, 1635066391896890, 1635066391896906, 16
301, 1635066391999281, 1635066391999297, 16
302, 1635066392101709, 1635066392101724, 15
303, 1635066392204116, 1635066392204131, 15
304, 1635066392306473, 1635066392306489, 16
305, 1635066392408660, 1635066392408698, 38
306, 1635066392510915, 1635066392510931, 16
307, 1635066392613237, 1635066392613253, 16
308, 1635066392715510, 1635066392715526, 16
309, 1635066392817828, 1635066392817844, 16
310, 1635066392920141, 1635066392920156, 15
311, 1635066393022532, 1635066393022547, 15
312, 1635066393124930, 1635066393124945, 15
313, 1635066393227367, 1635066393227382, 15
314, 1635066393329719, 1635066393329734, 15
315, 1635066393432089, 1635066393432106, 17
316, 1635066393534573, 1635066393534588, 15
317, 1635066393640328, 1635066393640343, 15
318, 1635066393742570, 1635066393742586, 16
319, 1635066393844823, 1635066393844838, 15
320, 1635066393947114, 1635066393947130, 16
321, 1635066394049412, 1635066394049427, 15
322, 1635066394151689, 1635066394151704, 15
323, 1635066394253973, 1635066394253988, 15
324, 1635066394356268, 1635066394356283, 15
325, 1635066394458609, 1635066394458625, 16
326, 1635066394560922, 1635066394560938, 16
327, 1635066394663185, 1635066394663201, 16
328, 1635066394765525, 1635066394765541, 16
329, 1635066394867936, 1635066394867951, 15
330, 1635066394970299, 1635066394970315, 16
331, 1635066395072671, 1635066395072687, 16
332, 1635066395174992, 1635066395175008, 16
333, 1635066395277418, 1635066395277433, 15
334, 1635066395379825, 1635066395379840, 15
335, 1635066395485535, 1635066395485550, 15
336, 1635066395587777, 1635066395587793, 16
337, 1635066395690027, 1635066395690043, 16
338, 1635066395792346, 1635066395792361, 15
339, 1635066395894618, 1635066395894633, 15
340, 1635066395996898, 1635066395996914, 16
341, 1635066396099185, 1635066396099200, 15
342, 1635066396201446, 1635066396201461, 15
343, 1635066396303768, 1635066396303783, 15
344, 1635066396406090, 1635066396406107, 17
345, 1635066396508460, 1635066396508476, 16
346, 1635066396610831, 1635066396610846, 15
347, 1635066396713117, 1635066396713133, 16
348, 1635066396815486, 1635066396815501, 15
349, 1635066396917866, 1635066396917882, 16
350, 1635066397020282, 1635066397020297, 15
351, 1635066397122619, 1635066397122635, 16
352, 1635066397228330, 1635066397228345, 15
353, 1635066397330569, 1635066397330584, 15
354, 1635066397432783, 1635066397432799, 16
355, 1635066397534986, 1635066397535002, 16
356, 1635066397637270, 1635066397637286, 16
357, 1635066397739500, 1635066397739535, 35
358, 1635066397841768, 1635066397841784, 16
359, 1635066397944103, 1635066397944118, 15
360, 1635066398046444, 1635066398046460, 16
361, 1635066398148824, 1635066398148840, 16
362, 1635066398251184, 1635066398251199, 15
363, 1635066398353489, 1635066398353505, 16
364, 1635066398455889, 1635066398455904, 15
365, 1635066398558272, 1635066398558288, 16
366, 1635066398663979, 1635066398663994, 15
367, 1635066398766217, 1635066398766232, 15
368, 1635066398868465, 1635066398868480, 15
369, 1635066398970750, 1635066398970766, 16
370, 1635066399073020, 1635066399073034, 14
371, 1635066399175295, 1635066399175310, 15
372, 1635066399277581, 1635066399277596, 15
373, 1635066399379876, 1635066399379891, 15
374, 1635066399482226, 1635066399482242, 16
375, 1635066399588548, 1635066399588564, 16
376, 1635066399690848, 1635066399690864, 16
377, 1635066399793138, 1635066399793154, 16
378, 1635066399896588, 1635066399896603, 15
379, 1635066400000105, 1635066400000120, 15
380, 1635066400106925, 1635066400106941, 16
381, 1635066400209104, 1635066400209120, 16
382, 1635066400312359, 1635066400312374, 15
383, 1635066400415622, 1635066400415638, 16
384, 1635066400517858, 1635066400517873, 15
385, 1635066400620140, 1635066400620155, 15
386, 1635066400723512, 1635066400723528, 16
387, 1635066400825803, 1635066400825819, 16
388, 1635066400929281, 1635066400929297, 16
389, 1635066401031612, 1635066401031628, 16
390, 1635066401133959, 1635066401133973, 14
391, 1635066401237178, 1635066401237194, 16
392, 1635066401339376, 1635066401339392, 16
393, 1635066401442644, 1635066401442659, 15
394, 1635066401544905, 1635066401544921, 16
395, 1635066401648241, 1635066401648257, 16
396, 1635066401751615, 1635066401751630, 15
397, 1635066401853930, 1635066401853946, 16
398, 1635066401957405, 1635066401957421, 16
399, 1635066402060893, 1635066402060909, 16
