0, 1635066503490889, 1635066503490923, 34
1, 1635066503506302, 1635066503506325, 23
2, 1635066503525074, 1635066503525094, 20
3, 1635066503540581, 1635066503540602, 21
4, 1635066503556090, 1635066503556249, 159
5, 1635066503571564, 1635066503571740, 176
6, 1635066503585990, 1635066503586165, 175
7, 1635066503601469, 1635066503601647, 178
8, 1635066503615914, 1635066503616087, 173
9, 1635066503631179, 1635066503631356, 177
10, 1635066503645563, 1635066503645733, 170
11, 1635066503661063, 1635066503661288, 225
12, 1635066503675451, 1635066503675623, 172
13, 1635066503690700, 1635066503690808, 108
14, 1635066503705367, 1635066503705482, 115
15, 1635066503720008, 1635066503720121, 113
16, 1635066503734678, 1635066503734810, 132
17, 1635066503749310, 1635066503749440, 130
18, 1635066503763975, 1635066503764081, 106
19, 1635066503778682, 1635066503778813, 131
20, 1635066503793434, 1635066503793564, 130
21, 1635066503808187, 1635066503808317, 130
22, 1635066503822907, 1635066503823037, 130
23, 1635066503837655, 1635066503837800, 145
24, 1635066503852352, 1635066503852482, 130
25, 1635066503866732, 1635066503866862, 130
26, 1635066503881083, 1635066503881212, 129
27, 1635066503895460, 1635066503895564, 104
28, 1635066503909813, 1635066503909926, 113
29, 1635066503924191, 1635066503924211, 20
30, 1635066503938134, 1635066503938281, 147
31, 1635066503952895, 1635066503953021, 126
32, 1635066503967276, 1635066503967380, 104
33, 1635066503981634, 1635066503981745, 111
34, 1635066503996016, 1635066503996035, 19
35, 1635066504009953, 1635066504010059, 106
36, 1635066504024328, 1635066504024441, 113
37, 1635066504038678, 1635066504038701, 23
38, 1635066504052644, 1635066504052665, 21
39, 1635066504066574, 1635066504066597, 23
40, 1635066504081303, 1635066504081324, 21
41, 1635066504096012, 1635066504096032, 20
42, 1635066504111226, 1635066504111289, 63
43, 1635066504125931, 1635066504125992, 61
44, 1635066504140654, 1635066504140715, 61
45, 1635066504155375, 1635066504155435, 60
46, 1635066504170077, 1635066504170138, 61
47, 1635066504184819, 1635066504184881, 62
48, 1635066504199514, 1635066504199574, 60
49, 1635066504214236, 1635066504214330, 94
50, 1635066504228961, 1635066504229023, 62
51, 1635066504243686, 1635066504243744, 58
52, 1635066504258384, 1635066504258444, 60
53, 1635066504273122, 1635066504273183, 61
54, 1635066504287861, 1635066504287922, 61
55, 1635066504302556, 1635066504302618, 62
56, 1635066504317276, 1635066504317334, 58
57, 1635066504331975, 1635066504332035, 60
58, 1635066504346701, 1635066504346762, 61
59, 1635066504361402, 1635066504361462, 60
60, 1635066504376136, 1635066504376194, 58
61, 1635066504390845, 1635066504390905, 60
62, 1635066504405589, 1635066504405649, 60
63, 1635066504420315, 1635066504420373, 58
64, 1635066504435008, 1635066504435068, 60
65, 1635066504449747, 1635066504449821, 74
66, 1635066504464489, 1635066504464550, 61
67, 1635066504479230, 1635066504479292, 62
68, 1635066504493589, 1635066504493649, 60
69, 1635066504508338, 1635066504508399, 61
70, 1635066504522716, 1635066504522880, 164
71, 1635066504537959, 1635066504538020, 61
72, 1635066504552725, 1635066504552786, 61
73, 1635066504567104, 1635066504567165, 61
74, 1635066504581879, 1635066504581939, 60
75, 1635066504596265, 1635066504596326, 61
76, 1635066504610675, 1635066504610734, 59
77, 1635066504625420, 1635066504625568, 148
78, 1635066504640655, 1635066504640800, 145
79, 1635066504655063, 1635066504655229, 166
80, 1635066504669446, 1635066504669607, 161
81, 1635066504684688, 1635066504684857, 169
82, 1635066504699069, 1635066504699236, 167
83, 1635066504713481, 1635066504713633, 152
84, 1635066504728977, 1635066504729145, 168
85, 1635066504743358, 1635066504744113, 755
86, 1635066504757762, 1635066504757937, 175
87, 1635066504773247, 1635066504773307, 60
88, 1635066504788018, 1635066504788078, 60
89, 1635066504802772, 1635066504802917, 145
90, 1635066504817155, 1635066504817177, 22
91, 1635066504832651, 1635066504832712, 61
92, 1635066504847031, 1635066504847091, 60
93, 1635066504861439, 1635066504861500, 61
94, 1635066504876183, 1635066504876241, 58
95, 1635066504894109, 1635066504894172, 63
96, 1635066504908448, 1635066504908509, 61
97, 1635066504922763, 1635066504922929, 166
98, 1635066504938108, 1635066504938170, 62
99, 1635066504953412, 1635066504953473, 61
100, 1635066504968770, 1635066504968831, 61
101, 1635066504984019, 1635066504984105, 86
102, 1635066504999350, 1635066504999460, 110
103, 1635066505014691, 1635066505014860, 169
104, 1635066505029037, 1635066505029201, 164
105, 1635066505045590, 1635066505045761, 171
106, 1635066505059973, 1635066505060126, 153
107, 1635066505078612, 1635066505078781, 169
108, 1635066505092836, 1635066505093005, 169
109, 1635066505107100, 1635066505107253, 153
110, 1635066505122322, 1635066505122491, 169
111, 1635066505136601, 1635066505136768, 167
112, 1635066505150866, 1635066505151030, 164
113, 1635066505166190, 1635066505166358, 168
114, 1635066505180482, 1635066505180634, 152
115, 1635066505196889, 1635066505197055, 166
116, 1635066505211218, 1635066505211370, 152
117, 1635066505227731, 1635066505227897, 166
118, 1635066505242097, 1635066505242263, 166
119, 1635066505256503, 1635066505256667, 164
120, 1635066505276038, 1635066505276205, 167
121, 1635066505290293, 1635066505290460, 167
122, 1635066505304529, 1635066505304682, 153
123, 1635066505319787, 1635066505320046, 259
124, 1635066505334048, 1635066505334211, 163
125, 1635066505349369, 1635066505349430, 61
126, 1635066505364644, 1635066505364705, 61
127, 1635066505378982, 1635066505379041, 59
128, 1635066505394314, 1635066505394459, 145
129, 1635066505408681, 1635066505408703, 22
130, 1635066505425204, 1635066505425265, 61
131, 1635066505439610, 1635066505439670, 60
132, 1635066505457266, 1635066505457327, 61
133, 1635066505472410, 1635066505472555, 145
134, 1635066505486631, 1635066505486776, 145
135, 1635066505500903, 1635066505500923, 20
136, 1635066505517122, 1635066505517267, 145
137, 1635066505531427, 1635066505531570, 143
138, 1635066505545710, 1635066505545730, 20
139, 1635066505562107, 1635066505562248, 141
140, 1635066505576435, 1635066505576495, 60
141, 1635066505590800, 1635066505590860, 60
142, 1635066505606177, 1635066505606322, 145
143, 1635066505620562, 1635066505620705, 143
144, 1635066505634926, 1635066505634947, 21
145, 1635066505655675, 1635066505655698, 23
146, 1635066505670243, 1635066505670264, 21
147, 1635066505684858, 1635066505684878, 20
148, 1635066505699582, 1635066505699602, 20
149, 1635066505714372, 1635066505714393, 21
150, 1635066505729262, 1635066505729281, 19
151, 1635066505747526, 1635066505747545, 19
152, 1635066505762011, 1635066505762059, 48
153, 1635066505776641, 1635066505776661, 20
154, 1635066505791296, 1635066505791316, 20
155, 1635066505806058, 1635066505806079, 21
156, 1635066505820877, 1635066505820897, 20
157, 1635066505835810, 1635066505835830, 20
158, 1635066505852592, 1635066505852612, 20
159, 1635066505867104, 1635066505867123, 19
160, 1635066505881731, 1635066505881750, 19
161, 1635066505896426, 1635066505896446, 20
162, 1635066505911213, 1635066505911232, 19
163, 1635066505926061, 1635066505926081, 20
164, 1635066505941024, 1635066505941044, 20
165, 1635066505958939, 1635066505958959, 20
166, 1635066505973509, 1635066505973529, 20
167, 1635066505988133, 1635066505988154, 21
168, 1635066506002843, 1635066506002863, 20
169, 1635066506017659, 1635066506017677, 18
170, 1635066506032536, 1635066506032556, 20
171, 1635066506050797, 1635066506050817, 20
172, 1635066506065282, 1635066506065302, 20
173, 1635066506079902, 1635066506079923, 21
174, 1635066506094554, 1635066506094574, 20
175, 1635066506109325, 1635066506109345, 20
176, 1635066506124145, 1635066506124164, 19
177, 1635066506139045, 1635066506139065, 20
178, 1635066506155863, 1635066506155882, 19
179, 1635066506170371, 1635066506170389, 18
180, 1635066506184997, 1635066506185017, 20
181, 1635066506199677, 1635066506199697, 20
182, 1635066506214524, 1635066506214545, 21
183, 1635066506229446, 1635066506229464, 18
184, 1635066506244477, 1635066506244498, 21
185, 1635066506262458, 1635066506262478, 20
186, 1635066506284376, 1635066506284395, 19
187, 1635066506306789, 1635066506306809, 20
188, 1635066506322634, 1635066506322654, 20
189, 1635066506338639, 1635066506338658, 19
190, 1635066506356380, 1635066506356400, 20
191, 1635066506371953, 1635066506371973, 20
192, 1635066506387673, 1635066506387693, 20
193, 1635066506403523, 1635066506403543, 20
194, 1635066506419541, 1635066506419561, 20
195, 1635066506437297, 1635066506437317, 20
196, 1635066506452868, 1635066506452888, 20
197, 1635066506468546, 1635066506468566, 20
198, 1635066506484413, 1635066506484433, 20
199, 1635066506500384, 1635066506500405, 21
200, 1635066506518147, 1635066506518168, 21
201, 1635066506533709, 1635066506533729, 20
202, 1635066506550221, 1635066506550243, 22
203, 1635066506566079, 1635066506566122, 43
204, 1635066506582083, 1635066506582103, 20
205, 1635066506599844, 1635066506599864, 20
206, 1635066506615375, 1635066506615396, 21
207, 1635066506631032, 1635066506631051, 19
208, 1635066506646842, 1635066506646862, 20
209, 1635066506662768, 1635066506662786, 18
210, 1635066506680494, 1635066506680594, 100
211, 1635066506695342, 1635066506695446, 104
212, 1635066506710286, 1635066506710389, 103
213, 1635066506725017, 1635066506725151, 134
214, 1635066506739878, 1635066506740013, 135
215, 1635066506754776, 1635066506754879, 103
216, 1635066506773071, 1635066506773206, 135
217, 1635066506787588, 1635066506787690, 102
218, 1635066506802184, 1635066506802294, 110
219, 1635066506816894, 1635066506817028, 134
220, 1635066506831658, 1635066506831793, 135
221, 1635066506846533, 1635066506846635, 102
222, 1635066506861637, 1635066506861815, 178
223, 1635066506878869, 1635066506878972, 103
224, 1635066506893713, 1635066506893827, 114
225, 1635066506909196, 1635066506909365, 169
226, 1635066506923922, 1635066506924055, 133
227, 1635066506938739, 1635066506938839, 100
228, 1635066506953798, 1635066506953963, 165
229, 1635066506968942, 1635066506969120, 178
230, 1635066506987220, 1635066506987324, 104
231, 1635066507002089, 1635066507002192, 103
232, 1635066507016775, 1635066507016909, 134
233, 1635066507031517, 1635066507031619, 102
234, 1635066507046352, 1635066507046488, 136
235, 1635066507061306, 1635066507061407, 101
236, 1635066507079589, 1635066507079723, 134
237, 1635066507094148, 1635066507094250, 102
238, 1635066507108762, 1635066507108896, 134
239, 1635066507123490, 1635066507123591, 101
240, 1635066507138279, 1635066507138412, 133
241, 1635066507153169, 1635066507153270, 101
242, 1635066507168126, 1635066507168259, 133
243, 1635066507184966, 1635066507185066, 100
244, 1635066507199557, 1635066507199691, 134
245, 1635066507214204, 1635066507214306, 102
246, 1635066507228958, 1635066507229091, 133
247, 1635066507243769, 1635066507243871, 102
248, 1635066507258695, 1635066507258829, 134
249, 1635066507273675, 1635066507273777, 102
250, 1635066507291688, 1635066507291822, 134
251, 1635066507306277, 1635066507306412, 135
252, 1635066507320946, 1635066507321046, 100
253, 1635066507337054, 1635066507337200, 146
254, 1635066507351707, 1635066507351877, 170
255, 1635066507366394, 1635066507366414, 20
256, 1635066507382191, 1635066507382339, 148
257, 1635066507400032, 1635066507400176, 144
258, 1635066507414456, 1635066507414602, 146
259, 1635066507428939, 1635066507428961, 22
260, 1635066507444393, 1635066507444453, 60
261, 1635066507458965, 1635066507459026, 61
262, 1635066507473545, 1635066507473606, 61
263, 1635066507490340, 1635066507490401, 61
264, 1635066507505031, 1635066507505092, 61
265, 1635066507521769, 1635066507521843, 74
266, 1635066507536244, 1635066507536305, 61
267, 1635066507552802, 1635066507552861, 59
268, 1635066507567384, 1635066507567445, 61
269, 1635066507582028, 1635066507582089, 61
270, 1635066507598855, 1635066507599000, 145
271, 1635066507613582, 1635066507613727, 145
272, 1635066507628296, 1635066507628318, 22
273, 1635066507645946, 1635066507646007, 61
274, 1635066507660337, 1635066507660397, 60
275, 1635066507674798, 1635066507674858, 60
276, 1635066507691301, 1635066507691446, 145
277, 1635066507705843, 1635066507705989, 146
278, 1635066507724310, 1635066507724456, 146
279, 1635066507745419, 1635066507745440, 21
280, 1635066507761890, 1635066507761951, 61
281, 1635066507777709, 1635066507777769, 60
282, 1635066507793657, 1635066507793718, 61
283, 1635066507809702, 1635066507809763, 61
284, 1635066507825877, 1635066507825938, 61
285, 1635066507843950, 1635066507844029, 79
286, 1635066507864372, 1635066507864391, 19
287, 1635066507879332, 1635066507879396, 64
288, 1635066507895415, 1635066507895478, 63
289, 1635066507911557, 1635066507911696, 139
290, 1635066507931141, 1635066507931162, 21
291, 1635066507946538, 1635066507946600, 62
292, 1635066507962430, 1635066507962493, 63
293, 1635066507978460, 1635066507978521, 61
294, 1635066507994614, 1635066507994676, 62
295, 1635066508013061, 1635066508013124, 63
296, 1635066508028886, 1635066508028947, 61
297, 1635066508044857, 1635066508044920, 63
298, 1635066508060880, 1635066508060942, 62
299, 1635066508075895, 1635066508075954, 59
300, 1635066508090929, 1635066508090992, 63
301, 1635066508110356, 1635066508110417, 61
302, 1635066508125179, 1635066508125241, 62
303, 1635066508140039, 1635066508140317, 278
304, 1635066508154995, 1635066508155189, 194
305, 1635066508170657, 1635066508170880, 223
306, 1635066508185726, 1635066508185920, 194
307, 1635066508203122, 1635066508203291, 169
308, 1635066508219446, 1635066508219467, 21
309, 1635066508234928, 1635066508234990, 62
310, 1635066508250944, 1635066508251006, 62
311, 1635066508267072, 1635066508267135, 63
312, 1635066508283375, 1635066508283436, 61
313, 1635066508302623, 1635066508302685, 62
314, 1635066508318553, 1635066508318616, 63
315, 1635066508334599, 1635066508334661, 62
316, 1635066508350721, 1635066508350783, 62
317, 1635066508366982, 1635066508367129, 147
318, 1635066508385220, 1635066508385282, 62
319, 1635066508400066, 1635066508400126, 60
320, 1635066508414964, 1635066508415025, 61
321, 1635066508431018, 1635066508431079, 61
322, 1635066508446040, 1635066508446099, 59
323, 1635066508461092, 1635066508461152, 60
324, 1635066508480556, 1635066508480726, 170
325, 1635066508496044, 1635066508496218, 174
326, 1635066508510912, 1635066508511490, 578
327, 1635066508525884, 1635066508525945, 61
328, 1635066508542029, 1635066508542199, 170
329, 1635066508557864, 1635066508557883, 19
330, 1635066508577797, 1635066508577934, 137
331, 1635066508592610, 1635066508592748, 138
332, 1635066508607512, 1635066508607533, 21
333, 1635066508624136, 1635066508624198, 62
334, 1635066508639162, 1635066508639221, 59
335, 1635066508654216, 1635066508654276, 60
336, 1635066508673737, 1635066508673811, 74
337, 1635066508689770, 1635066508689842, 72
338, 1635066508705884, 1635066508705945, 61
339, 1635066508722136, 1635066508722305, 169
340, 1635066508738013, 1635066508738033, 20
341, 1635066508758050, 1635066508758111, 61
342, 1635066508772850, 1635066508772911, 61
343, 1635066508787676, 1635066508787737, 61
344, 1635066508803707, 1635066508803929, 222
345, 1635066508818717, 1635066508818736, 19
346, 1635066508835535, 1635066508835672, 137
347, 1635066508853963, 1635066508854101, 138
348, 1635066508868736, 1635066508868872, 136
349, 1635066508883599, 1635066508883620, 21
350, 1635066508900178, 1635066508900236, 58
351, 1635066508915128, 1635066508915189, 61
352, 1635066508930165, 1635066508930226, 61
353, 1635066508949706, 1635066508949885, 179
354, 1635066508965108, 1635066508965169, 61
355, 1635066508981058, 1635066508981118, 60
356, 1635066508997065, 1635066508997126, 61
357, 1635066509013227, 1635066509013312, 85
358, 1635066509031729, 1635066509031789, 60
359, 1635066509046514, 1635066509046577, 63
360, 1635066509061353, 1635066509061413, 60
361, 1635066509077331, 1635066509077469, 138
362, 1635066509092301, 1635066509092438, 137
363, 1635066509107323, 1635066509107344, 21
364, 1635066509127481, 1635066509127542, 61
365, 1635066509142258, 1635066509142316, 58
366, 1635066509157067, 1635066509157128, 61
367, 1635066509173067, 1635066509173130, 63
368, 1635066509188041, 1635066509188102, 61
369, 1635066509208051, 1635066509208182, 131
370, 1635066509227761, 1635066509227934, 173
371, 1635066509244793, 1635066509244814, 21
372, 1635066509264512, 1635066509264574, 62
373, 1635066509277643, 1635066509277703, 60
374, 1635066509292587, 1635066509292649, 62
375, 1635066509307475, 1635066509307537, 62
376, 1635066509322389, 1635066509322448, 59
377, 1635066509337286, 1635066509337347, 61
378, 1635066509352200, 1635066509352262, 62
379, 1635066509367150, 1635066509367211, 61
380, 1635066509382079, 1635066509382139, 60
381, 1635066509397047, 1635066509397109, 62
382, 1635066509412001, 1635066509412060, 59
383, 1635066509427015, 1635066509427077, 62
384, 1635066509441998, 1635066509442057, 59
385, 1635066509457022, 1635066509457083, 61
386, 1635066509472053, 1635066509472115, 62
387, 1635066509487081, 1635066509487220, 139
388, 1635066509501908, 1635066509502077, 169
389, 1635066509521000, 1635066509521181, 181
390, 1635066509535636, 1635066509535811, 175
391, 1635066509550249, 1635066509550416, 167
392, 1635066509565718, 1635066509565792, 74
393, 1635066509580658, 1635066509580796, 138
394, 1635066509596122, 1635066509596182, 60
395, 1635066509611042, 1635066509611179, 137
396, 1635066509625728, 1635066509625748, 20
397, 1635066509641455, 1635066509641516, 61
398, 1635066509656440, 1635066509656611, 171
399, 1635066509672175, 1635066509672351, 176
