0, 1635066503490889, 1635066503491134, 245
1, 1635066503506302, 1635066503506477, 175
2, 1635066503525074, 1635066503525236, 162
3, 1635066503540581, 1635066503540739, 158
4, 1635066503556090, 1635066503556111, 21
5, 1635066503571564, 1635066503571703, 139
6, 1635066503585990, 1635066503586011, 21
7, 1635066503601469, 1635066503601532, 63
8, 1635066503615914, 1635066503615976, 62
9, 1635066503631179, 1635066503631319, 140
10, 1635066503645563, 1635066503645585, 22
11, 1635066503661063, 1635066503661122, 59
12, 1635066503675451, 1635066503675513, 62
13, 1635066503690700, 1635066503690843, 143
14, 1635066503705367, 1635066503705499, 132
15, 1635066503720008, 1635066503720139, 131
16, 1635066503734678, 1635066503734785, 107
17, 1635066503749310, 1635066503749424, 114
18, 1635066503763975, 1635066503764105, 130
19, 1635066503778682, 1635066503778786, 104
20, 1635066503793434, 1635066503793548, 114
21, 1635066503808187, 1635066503808299, 112
22, 1635066503822907, 1635066503823018, 111
23, 1635066503837655, 1635066503837767, 112
24, 1635066503852352, 1635066503852373, 21
25, 1635066503866732, 1635066503866752, 20
26, 1635066503881083, 1635066503881103, 20
27, 1635066503895460, 1635066503895482, 22
28, 1635066503909813, 1635066503909834, 21
29, 1635066503924191, 1635066503924355, 164
30, 1635066503938134, 1635066503938325, 191
31, 1635066503952895, 1635066503952915, 20
32, 1635066503967276, 1635066503967298, 22
33, 1635066503981634, 1635066503981654, 20
34, 1635066503996016, 1635066503996128, 112
35, 1635066504009953, 1635066504009977, 24
36, 1635066504024328, 1635066504024347, 19
37, 1635066504038678, 1635066504038840, 162
38, 1635066504052644, 1635066504052836, 192
39, 1635066504066574, 1635066504066745, 171
40, 1635066504081303, 1635066504081473, 170
41, 1635066504096012, 1635066504096073, 61
42, 1635066504111226, 1635066504111378, 152
43, 1635066504125931, 1635066504126079, 148
44, 1635066504140654, 1635066504140801, 147
45, 1635066504155375, 1635066504155520, 145
46, 1635066504170077, 1635066504170097, 20
47, 1635066504184819, 1635066504184967, 148
48, 1635066504199514, 1635066504199657, 143
49, 1635066504214236, 1635066504214414, 178
50, 1635066504228961, 1635066504229108, 147
51, 1635066504243686, 1635066504243828, 142
52, 1635066504258384, 1635066504258401, 17
53, 1635066504273122, 1635066504273266, 144
54, 1635066504287861, 1635066504288006, 145
55, 1635066504302556, 1635066504302703, 147
56, 1635066504317276, 1635066504317418, 142
57, 1635066504331975, 1635066504332119, 144
58, 1635066504346701, 1635066504346846, 145
59, 1635066504361402, 1635066504361547, 145
60, 1635066504376136, 1635066504376278, 142
61, 1635066504390845, 1635066504390862, 17
62, 1635066504405589, 1635066504405733, 144
63, 1635066504420315, 1635066504420457, 142
64, 1635066504435008, 1635066504435027, 19
65, 1635066504449747, 1635066504449924, 177
66, 1635066504464489, 1635066504464640, 151
67, 1635066504479230, 1635066504479399, 169
68, 1635066504493589, 1635066504493740, 151
69, 1635066504508338, 1635066504508456, 118
70, 1635066504522716, 1635066504522776, 60
71, 1635066504537959, 1635066504538110, 151
72, 1635066504552725, 1635066504552893, 168
73, 1635066504567104, 1635066504567258, 154
74, 1635066504581879, 1635066504582046, 167
75, 1635066504596265, 1635066504596432, 167
76, 1635066504610675, 1635066504610836, 161
77, 1635066504625420, 1635066504625479, 59
78, 1635066504640655, 1635066504640715, 60
79, 1635066504655063, 1635066504655124, 61
80, 1635066504669446, 1635066504669506, 60
81, 1635066504684688, 1635066504684833, 145
82, 1635066504699069, 1635066504699215, 146
83, 1635066504713481, 1635066504713501, 20
84, 1635066504728977, 1635066504729122, 145
85, 1635066504743358, 1635066504743499, 141
86, 1635066504757762, 1635066504757793, 31
87, 1635066504773247, 1635066504773266, 19
88, 1635066504788018, 1635066504788162, 144
89, 1635066504802772, 1635066504802937, 165
90, 1635066504817155, 1635066504817316, 161
91, 1635066504832651, 1635066504832819, 168
92, 1635066504847031, 1635066504847198, 167
93, 1635066504861439, 1635066504861594, 155
94, 1635066504876183, 1635066504876720, 537
95, 1635066504894109, 1635066504894280, 171
96, 1635066504908448, 1635066504908617, 169
97, 1635066504922763, 1635066504922825, 62
98, 1635066504938108, 1635066504938240, 132
99, 1635066504953412, 1635066504953559, 147
100, 1635066504968770, 1635066504968915, 145
101, 1635066504984019, 1635066504984188, 169
102, 1635066504999350, 1635066504999489, 139
103, 1635066505014691, 1635066505014839, 148
104, 1635066505029037, 1635066505029058, 21
105, 1635066505045590, 1635066505045651, 61
106, 1635066505059973, 1635066505060035, 62
107, 1635066505078612, 1635066505078672, 60
108, 1635066505092836, 1635066505092897, 61
109, 1635066505107100, 1635066505107161, 61
110, 1635066505122322, 1635066505122383, 61
111, 1635066505136601, 1635066505136661, 60
112, 1635066505150866, 1635066505150927, 61
113, 1635066505166190, 1635066505166334, 144
114, 1635066505180482, 1635066505180502, 20
115, 1635066505196889, 1635066505197033, 144
116, 1635066505211218, 1635066505211238, 20
117, 1635066505227731, 1635066505227876, 145
118, 1635066505242097, 1635066505242241, 144
119, 1635066505256503, 1635066505256525, 22
120, 1635066505276038, 1635066505276098, 60
121, 1635066505290293, 1635066505290354, 61
122, 1635066505304529, 1635066505304589, 60
123, 1635066505319787, 1635066505319844, 57
124, 1635066505334048, 1635066505334108, 60
125, 1635066505349369, 1635066505349522, 153
126, 1635066505364644, 1635066505364812, 168
127, 1635066505378982, 1635066505379143, 161
128, 1635066505394314, 1635066505394481, 167
129, 1635066505408681, 1635066505408844, 163
130, 1635066505425204, 1635066505425372, 168
131, 1635066505439610, 1635066505439775, 165
132, 1635066505457266, 1635066505457431, 165
133, 1635066505472410, 1635066505472578, 168
134, 1635066505486631, 1635066505486798, 167
135, 1635066505500903, 1635066505501054, 151
136, 1635066505517122, 1635066505517289, 167
137, 1635066505531427, 1635066505531592, 165
138, 1635066505545710, 1635066505545877, 167
139, 1635066505562107, 1635066505562299, 192
140, 1635066505576435, 1635066505576601, 166
141, 1635066505590800, 1635066505590963, 163
142, 1635066505606177, 1635066505606343, 166
143, 1635066505620562, 1635066505620728, 166
144, 1635066505634926, 1635066505635093, 167
145, 1635066505655675, 1635066505655827, 152
146, 1635066505670243, 1635066505670348, 105
147, 1635066505684858, 1635066505684970, 112
148, 1635066505699582, 1635066505699719, 137
149, 1635066505714372, 1635066505714475, 103
150, 1635066505729262, 1635066505729374, 112
151, 1635066505747526, 1635066505747636, 110
152, 1635066505762011, 1635066505762179, 168
153, 1635066505776641, 1635066505776742, 101
154, 1635066505791296, 1635066505791431, 135
155, 1635066505806058, 1635066505806159, 101
156, 1635066505820877, 1635066505821012, 135
157, 1635066505835810, 1635066505835912, 102
158, 1635066505852592, 1635066505852727, 135
159, 1635066505867104, 1635066505867240, 136
160, 1635066505881731, 1635066505881880, 149
161, 1635066505896426, 1635066505896527, 101
162, 1635066505911213, 1635066505911323, 110
163, 1635066505926061, 1635066505926197, 136
164, 1635066505941024, 1635066505941126, 102
165, 1635066505958939, 1635066505959050, 111
166, 1635066505973509, 1635066505973643, 134
167, 1635066505988133, 1635066505988235, 102
168, 1635066506002843, 1635066506002978, 135
169, 1635066506017659, 1635066506017838, 179
170, 1635066506032536, 1635066506032638, 102
171, 1635066506050797, 1635066506050934, 137
172, 1635066506065282, 1635066506065384, 102
173, 1635066506079902, 1635066506080036, 134
174, 1635066506094554, 1635066506094655, 101
175, 1635066506109325, 1635066506109458, 133
176, 1635066506124145, 1635066506124246, 101
177, 1635066506139045, 1635066506139179, 134
178, 1635066506155863, 1635066506155996, 133
179, 1635066506170371, 1635066506170506, 135
180, 1635066506184997, 1635066506185098, 101
181, 1635066506199677, 1635066506199810, 133
182, 1635066506214524, 1635066506214626, 102
183, 1635066506229446, 1635066506229545, 99
184, 1635066506244477, 1635066506244611, 134
185, 1635066506262458, 1635066506262559, 101
186, 1635066506284376, 1635066506284500, 124
187, 1635066506306789, 1635066506306893, 104
188, 1635066506322634, 1635066506322769, 135
189, 1635066506338639, 1635066506338776, 137
190, 1635066506356380, 1635066506356481, 101
191, 1635066506371953, 1635066506372089, 136
192, 1635066506387673, 1635066506387775, 102
193, 1635066506403523, 1635066506403657, 134
194, 1635066506419541, 1635066506419642, 101
195, 1635066506437297, 1635066506437432, 135
196, 1635066506452868, 1635066506452969, 101
197, 1635066506468546, 1635066506468681, 135
198, 1635066506484413, 1635066506484515, 102
199, 1635066506500384, 1635066506500519, 135
200, 1635066506518147, 1635066506518248, 101
201, 1635066506533709, 1635066506533920, 211
202, 1635066506550221, 1635066506550325, 104
203, 1635066506566079, 1635066506566242, 163
204, 1635066506582083, 1635066506582184, 101
205, 1635066506599844, 1635066506599979, 135
206, 1635066506615375, 1635066506615477, 102
207, 1635066506631032, 1635066506631143, 111
208, 1635066506646842, 1635066506646977, 135
209, 1635066506662768, 1635066506662904, 136
210, 1635066506680494, 1635066506680513, 19
211, 1635066506695342, 1635066506695364, 22
212, 1635066506710286, 1635066506710419, 133
213, 1635066506725017, 1635066506725118, 101
214, 1635066506739878, 1635066506739989, 111
215, 1635066506754776, 1635066506754911, 135
216, 1635066506773071, 1635066506773173, 102
217, 1635066506787588, 1635066506787721, 133
218, 1635066506802184, 1635066506802320, 136
219, 1635066506816894, 1635066506816994, 100
220, 1635066506831658, 1635066506831769, 111
221, 1635066506846533, 1635066506846553, 20
222, 1635066506861637, 1635066506861658, 21
223, 1635066506878869, 1635066506878889, 20
224, 1635066506893713, 1635066506893907, 194
225, 1635066506909196, 1635066506909302, 106
226, 1635066506923922, 1635066506924033, 111
227, 1635066506938739, 1635066506938759, 20
228, 1635066506953798, 1635066506953819, 21
229, 1635066506968942, 1635066506968963, 21
230, 1635066506987220, 1635066506987242, 22
231, 1635066507002089, 1635066507002222, 133
232, 1635066507016775, 1635066507016878, 103
233, 1635066507031517, 1635066507031652, 135
234, 1635066507046352, 1635066507046453, 101
235, 1635066507061306, 1635066507061442, 136
236, 1635066507079589, 1635066507079689, 100
237, 1635066507094148, 1635066507094281, 133
238, 1635066507108762, 1635066507108863, 101
239, 1635066507123490, 1635066507123625, 135
240, 1635066507138279, 1635066507138380, 101
241, 1635066507153169, 1635066507153303, 134
242, 1635066507168126, 1635066507168228, 102
243, 1635066507184966, 1635066507185100, 134
244, 1635066507199557, 1635066507199658, 101
245, 1635066507214204, 1635066507214339, 135
246, 1635066507228958, 1635066507229060, 102
247, 1635066507243769, 1635066507243903, 134
248, 1635066507258695, 1635066507258795, 100
249, 1635066507273675, 1635066507273822, 147
250, 1635066507291688, 1635066507291789, 101
251, 1635066507306277, 1635066507306388, 111
252, 1635066507320946, 1635066507320965, 19
253, 1635066507337054, 1635066507337115, 61
254, 1635066507351707, 1635066507351792, 85
255, 1635066507366394, 1635066507366456, 62
256, 1635066507382191, 1635066507382253, 62
257, 1635066507400032, 1635066507400091, 59
258, 1635066507414456, 1635066507414518, 62
259, 1635066507428939, 1635066507428999, 60
260, 1635066507444393, 1635066507444539, 146
261, 1635066507458965, 1635066507459110, 145
262, 1635066507473545, 1635066507473565, 20
263, 1635066507490340, 1635066507490486, 146
264, 1635066507505031, 1635066507505175, 144
265, 1635066507521769, 1635066507521933, 164
266, 1635066507536244, 1635066507536264, 20
267, 1635066507552802, 1635066507552945, 143
268, 1635066507567384, 1635066507567529, 145
269, 1635066507582028, 1635066507582050, 22
270, 1635066507598855, 1635066507598916, 61
271, 1635066507613582, 1635066507613642, 60
272, 1635066507628296, 1635066507628355, 59
273, 1635066507645946, 1635066507646092, 146
274, 1635066507660337, 1635066507660482, 145
275, 1635066507674798, 1635066507674819, 21
276, 1635066507691301, 1635066507691362, 61
277, 1635066507705843, 1635066507705904, 61
278, 1635066507724310, 1635066507724372, 62
279, 1635066507745419, 1635066507745480, 61
280, 1635066507761890, 1635066507762037, 147
281, 1635066507777709, 1635066507777869, 160
282, 1635066507793657, 1635066507793815, 158
283, 1635066507809702, 1635066507809864, 162
284, 1635066507825877, 1635066507826021, 144
285, 1635066507843950, 1635066507844109, 159
286, 1635066507864372, 1635066507864487, 115
287, 1635066507879332, 1635066507879351, 19
288, 1635066507895415, 1635066507895557, 142
289, 1635066507911557, 1635066507911792, 235
290, 1635066507931141, 1635066507931204, 63
291, 1635066507946538, 1635066507946678, 140
292, 1635066507962430, 1635066507962571, 141
293, 1635066507978460, 1635066507978595, 135
294, 1635066507994614, 1635066507994752, 138
295, 1635066508013061, 1635066508013203, 142
296, 1635066508028886, 1635066508029024, 138
297, 1635066508044857, 1635066508045019, 162
298, 1635066508060880, 1635066508061056, 176
299, 1635066508075895, 1635066508076223, 328
300, 1635066508090929, 1635066508091087, 158
301, 1635066508110356, 1635066508110531, 175
302, 1635066508125179, 1635066508125352, 173
303, 1635066508140039, 1635066508140235, 196
304, 1635066508154995, 1635066508155072, 77
305, 1635066508170657, 1635066508170830, 173
306, 1635066508185726, 1635066508185880, 154
307, 1635066508203122, 1635066508203142, 20
308, 1635066508219446, 1635066508219509, 63
309, 1635066508234928, 1635066508235065, 137
310, 1635066508250944, 1635066508251081, 137
311, 1635066508267072, 1635066508267091, 19
312, 1635066508283375, 1635066508283512, 137
313, 1635066508302623, 1635066508302759, 136
314, 1635066508318553, 1635066508318690, 137
315, 1635066508334599, 1635066508334735, 136
316, 1635066508350721, 1635066508350857, 136
317, 1635066508366982, 1635066508367205, 223
318, 1635066508385220, 1635066508385393, 173
319, 1635066508400066, 1635066508400425, 359
320, 1635066508414964, 1635066508415120, 156
321, 1635066508431018, 1635066508431191, 173
322, 1635066508446040, 1635066508446346, 306
323, 1635066508461092, 1635066508461258, 166
324, 1635066508480556, 1635066508480616, 60
325, 1635066508496044, 1635066508496180, 136
326, 1635066508510912, 1635066508511145, 233
327, 1635066508525884, 1635066508526054, 170
328, 1635066508542029, 1635066508542090, 61
329, 1635066508557864, 1635066508558023, 159
330, 1635066508577797, 1635066508577972, 175
331, 1635066508592610, 1635066508592786, 176
332, 1635066508607512, 1635066508607683, 171
333, 1635066508624136, 1635066508624311, 175
334, 1635066508639162, 1635066508639420, 258
335, 1635066508654216, 1635066508654383, 167
336, 1635066508673737, 1635066508673889, 152
337, 1635066508689770, 1635066508689953, 183
338, 1635066508705884, 1635066508706051, 167
339, 1635066508722136, 1635066508722197, 61
340, 1635066508738013, 1635066508738183, 170
341, 1635066508758050, 1635066508758225, 175
342, 1635066508772850, 1635066508773023, 173
343, 1635066508787676, 1635066508787844, 168
344, 1635066508803707, 1635066508803784, 77
345, 1635066508818717, 1635066508818874, 157
346, 1635066508835535, 1635066508835709, 174
347, 1635066508853963, 1635066508854136, 173
348, 1635066508868736, 1635066508869085, 349
349, 1635066508883599, 1635066508883769, 170
350, 1635066508900178, 1635066508900382, 204
351, 1635066508915128, 1635066508915302, 174
352, 1635066508930165, 1635066508930335, 170
353, 1635066508949706, 1635066508949768, 62
354, 1635066508965108, 1635066508965245, 137
355, 1635066508981058, 1635066508981192, 134
356, 1635066508997065, 1635066508997083, 18
357, 1635066509013227, 1635066509013392, 165
358, 1635066509031729, 1635066509032118, 389
359, 1635066509046514, 1635066509046689, 175
360, 1635066509061353, 1635066509061523, 170
361, 1635066509077331, 1635066509077505, 174
362, 1635066509092301, 1635066509092473, 172
363, 1635066509107323, 1635066509107493, 170
364, 1635066509127481, 1635066509127655, 174
365, 1635066509142258, 1635066509142450, 192
366, 1635066509157067, 1635066509157224, 157
367, 1635066509173067, 1635066509173243, 176
368, 1635066509188041, 1635066509188211, 170
369, 1635066509208051, 1635066509208242, 191
370, 1635066509227761, 1635066509227824, 63
371, 1635066509244793, 1635066509244966, 173
372, 1635066509264512, 1635066509264681, 169
373, 1635066509277643, 1635066509277793, 150
374, 1635066509292587, 1635066509292724, 137
375, 1635066509307475, 1635066509307612, 137
376, 1635066509322389, 1635066509322523, 134
377, 1635066509337286, 1635066509337422, 136
378, 1635066509352200, 1635066509352338, 138
379, 1635066509367150, 1635066509367286, 136
380, 1635066509382079, 1635066509382213, 134
381, 1635066509397047, 1635066509397183, 136
382, 1635066509412001, 1635066509412134, 133
383, 1635066509427015, 1635066509427151, 136
384, 1635066509441998, 1635066509442131, 133
385, 1635066509457022, 1635066509457044, 22
386, 1635066509472053, 1635066509472072, 19
387, 1635066509487081, 1635066509487295, 214
388, 1635066509501908, 1635066509501929, 21
389, 1635066509521000, 1635066509521059, 59
390, 1635066509535636, 1635066509535698, 62
391, 1635066509550249, 1635066509550311, 62
392, 1635066509565718, 1635066509565900, 182
393, 1635066509580658, 1635066509580720, 62
394, 1635066509596122, 1635066509596293, 171
395, 1635066509611042, 1635066509611215, 173
396, 1635066509625728, 1635066509625912, 184
397, 1635066509641455, 1635066509641475, 20
398, 1635066509656440, 1635066509656461, 21
399, 1635066509672175, 1635066509672237, 62
