0, 1635066503490889, 1635066503490889
1, 1635066503506302, 15413
2, 1635066503525074, 18772
3, 1635066503540581, 15507
4, 1635066503556090, 15509
5, 1635066503571564, 15474
6, 1635066503585990, 14426
7, 1635066503601469, 15479
8, 1635066503615914, 14445
9, 1635066503631179, 15265
10, 1635066503645563, 14384
11, 1635066503661063, 15500
12, 1635066503675451, 14388
13, 1635066503690700, 15249
14, 1635066503705367, 14667
15, 1635066503720008, 14641
16, 1635066503734678, 14670
17, 1635066503749310, 14632
18, 1635066503763975, 14665
19, 1635066503778682, 14707
20, 1635066503793434, 14752
21, 1635066503808187, 14753
22, 1635066503822907, 14720
23, 1635066503837655, 14748
24, 1635066503852352, 14697
25, 1635066503866732, 14380
26, 1635066503881083, 14351
27, 1635066503895460, 14377
28, 1635066503909813, 14353
29, 1635066503924191, 14378
30, 1635066503938134, 13943
31, 1635066503952895, 14761
32, 1635066503967276, 14381
33, 1635066503981634, 14358
34, 1635066503996016, 14382
35, 1635066504009953, 13937
36, 1635066504024328, 14375
37, 1635066504038678, 14350
38, 1635066504052644, 13966
39, 1635066504066574, 13930
40, 1635066504081303, 14729
41, 1635066504096012, 14709
42, 1635066504111226, 15214
43, 1635066504125931, 14705
44, 1635066504140654, 14723
45, 1635066504155375, 14721
46, 1635066504170077, 14702
47, 1635066504184819, 14742
48, 1635066504199514, 14695
49, 1635066504214236, 14722
50, 1635066504228961, 14725
51, 1635066504243686, 14725
52, 1635066504258384, 14698
53, 1635066504273122, 14738
54, 1635066504287861, 14739
55, 1635066504302556, 14695
56, 1635066504317276, 14720
57, 1635066504331975, 14699
58, 1635066504346701, 14726
59, 1635066504361402, 14701
60, 1635066504376136, 14734
61, 1635066504390845, 14709
62, 1635066504405589, 14744
63, 1635066504420315, 14726
64, 1635066504435008, 14693
65, 1635066504449747, 14739
66, 1635066504464489, 14742
67, 1635066504479230, 14741
68, 1635066504493589, 14359
69, 1635066504508338, 14749
70, 1635066504522716, 14378
71, 1635066504537959, 15243
72, 1635066504552725, 14766
73, 1635066504567104, 14379
74, 1635066504581879, 14775
75, 1635066504596265, 14386
76, 1635066504610675, 14410
77, 1635066504625420, 14745
78, 1635066504640655, 15235
79, 1635066504655063, 14408
80, 1635066504669446, 14383
81, 1635066504684688, 15242
82, 1635066504699069, 14381
83, 1635066504713481, 14412
84, 1635066504728977, 15496
85, 1635066504743358, 14381
86, 1635066504757762, 14404
87, 1635066504773247, 15485
88, 1635066504788018, 14771
89, 1635066504802772, 14754
90, 1635066504817155, 14383
91, 1635066504832651, 15496
92, 1635066504847031, 14380
93, 1635066504861439, 14408
94, 1635066504876183, 14744
95, 1635066504894109, 17926
96, 1635066504908448, 14339
97, 1635066504922763, 14315
98, 1635066504938108, 15345
99, 1635066504953412, 15304
100, 1635066504968770, 15358
101, 1635066504984019, 15249
102, 1635066504999350, 15331
103, 1635066505014691, 15341
104, 1635066505029037, 14346
105, 1635066505045590, 16553
106, 1635066505059973, 14383
107, 1635066505078612, 18639
108, 1635066505092836, 14224
109, 1635066505107100, 14264
110, 1635066505122322, 15222
111, 1635066505136601, 14279
112, 1635066505150866, 14265
113, 1635066505166190, 15324
114, 1635066505180482, 14292
115, 1635066505196889, 16407
116, 1635066505211218, 14329
117, 1635066505227731, 16513
118, 1635066505242097, 14366
119, 1635066505256503, 14406
120, 1635066505276038, 19535
121, 1635066505290293, 14255
122, 1635066505304529, 14236
123, 1635066505319787, 15258
124, 1635066505334048, 14261
125, 1635066505349369, 15321
126, 1635066505364644, 15275
127, 1635066505378982, 14338
128, 1635066505394314, 15332
129, 1635066505408681, 14367
130, 1635066505425204, 16523
131, 1635066505439610, 14406
132, 1635066505457266, 17656
133, 1635066505472410, 15144
134, 1635066505486631, 14221
135, 1635066505500903, 14272
136, 1635066505517122, 16219
137, 1635066505531427, 14305
138, 1635066505545710, 14283
139, 1635066505562107, 16397
140, 1635066505576435, 14328
141, 1635066505590800, 14365
142, 1635066505606177, 15377
143, 1635066505620562, 14385
144, 1635066505634926, 14364
145, 1635066505655675, 20749
146, 1635066505670243, 14568
147, 1635066505684858, 14615
148, 1635066505699582, 14724
149, 1635066505714372, 14790
150, 1635066505729262, 14890
151, 1635066505747526, 18264
152, 1635066505762011, 14485
153, 1635066505776641, 14630
154, 1635066505791296, 14655
155, 1635066505806058, 14762
156, 1635066505820877, 14819
157, 1635066505835810, 14933
158, 1635066505852592, 16782
159, 1635066505867104, 14512
160, 1635066505881731, 14627
161, 1635066505896426, 14695
162, 1635066505911213, 14787
163, 1635066505926061, 14848
164, 1635066505941024, 14963
165, 1635066505958939, 17915
166, 1635066505973509, 14570
167, 1635066505988133, 14624
168, 1635066506002843, 14710
169, 1635066506017659, 14816
170, 1635066506032536, 14877
171, 1635066506050797, 18261
172, 1635066506065282, 14485
173, 1635066506079902, 14620
174, 1635066506094554, 14652
175, 1635066506109325, 14771
176, 1635066506124145, 14820
177, 1635066506139045, 14900
178, 1635066506155863, 16818
179, 1635066506170371, 14508
180, 1635066506184997, 14626
181, 1635066506199677, 14680
182, 1635066506214524, 14847
183, 1635066506229446, 14922
184, 1635066506244477, 15031
185, 1635066506262458, 17981
186, 1635066506284376, 21918
187, 1635066506306789, 22413
188, 1635066506322634, 15845
189, 1635066506338639, 16005
190, 1635066506356380, 17741
191, 1635066506371953, 15573
192, 1635066506387673, 15720
193, 1635066506403523, 15850
194, 1635066506419541, 16018
195, 1635066506437297, 17756
196, 1635066506452868, 15571
197, 1635066506468546, 15678
198, 1635066506484413, 15867
199, 1635066506500384, 15971
200, 1635066506518147, 17763
201, 1635066506533709, 15562
202, 1635066506550221, 16512
203, 1635066506566079, 15858
204, 1635066506582083, 16004
205, 1635066506599844, 17761
206, 1635066506615375, 15531
207, 1635066506631032, 15657
208, 1635066506646842, 15810
209, 1635066506662768, 15926
210, 1635066506680494, 17726
211, 1635066506695342, 14848
212, 1635066506710286, 14944
213, 1635066506725017, 14731
214, 1635066506739878, 14861
215, 1635066506754776, 14898
216, 1635066506773071, 18295
217, 1635066506787588, 14517
218, 1635066506802184, 14596
219, 1635066506816894, 14710
220, 1635066506831658, 14764
221, 1635066506846533, 14875
222, 1635066506861637, 15104
223, 1635066506878869, 17232
224, 1635066506893713, 14844
225, 1635066506909196, 15483
226, 1635066506923922, 14726
227, 1635066506938739, 14817
228, 1635066506953798, 15059
229, 1635066506968942, 15144
230, 1635066506987220, 18278
231, 1635066507002089, 14869
232, 1635066507016775, 14686
233, 1635066507031517, 14742
234, 1635066507046352, 14835
235, 1635066507061306, 14954
236, 1635066507079589, 18283
237, 1635066507094148, 14559
238, 1635066507108762, 14614
239, 1635066507123490, 14728
240, 1635066507138279, 14789
241, 1635066507153169, 14890
242, 1635066507168126, 14957
243, 1635066507184966, 16840
244, 1635066507199557, 14591
245, 1635066507214204, 14647
246, 1635066507228958, 14754
247, 1635066507243769, 14811
248, 1635066507258695, 14926
249, 1635066507273675, 14980
250, 1635066507291688, 18013
251, 1635066507306277, 14589
252, 1635066507320946, 14669
253, 1635066507337054, 16108
254, 1635066507351707, 14653
255, 1635066507366394, 14687
256, 1635066507382191, 15797
257, 1635066507400032, 17841
258, 1635066507414456, 14424
259, 1635066507428939, 14483
260, 1635066507444393, 15454
261, 1635066507458965, 14572
262, 1635066507473545, 14580
263, 1635066507490340, 16795
264, 1635066507505031, 14691
265, 1635066507521769, 16738
266, 1635066507536244, 14475
267, 1635066507552802, 16558
268, 1635066507567384, 14582
269, 1635066507582028, 14644
270, 1635066507598855, 16827
271, 1635066507613582, 14727
272, 1635066507628296, 14714
273, 1635066507645946, 17650
274, 1635066507660337, 14391
275, 1635066507674798, 14461
276, 1635066507691301, 16503
277, 1635066507705843, 14542
278, 1635066507724310, 18467
279, 1635066507745419, 21109
280, 1635066507761890, 16471
281, 1635066507777709, 15819
282, 1635066507793657, 15948
283, 1635066507809702, 16045
284, 1635066507825877, 16175
285, 1635066507843950, 18073
286, 1635066507864372, 20422
287, 1635066507879332, 14960
288, 1635066507895415, 16083
289, 1635066507911557, 16142
290, 1635066507931141, 19584
291, 1635066507946538, 15397
292, 1635066507962430, 15892
293, 1635066507978460, 16030
294, 1635066507994614, 16154
295, 1635066508013061, 18447
296, 1635066508028886, 15825
297, 1635066508044857, 15971
298, 1635066508060880, 16023
299, 1635066508075895, 15015
300, 1635066508090929, 15034
301, 1635066508110356, 19427
302, 1635066508125179, 14823
303, 1635066508140039, 14860
304, 1635066508154995, 14956
305, 1635066508170657, 15662
306, 1635066508185726, 15069
307, 1635066508203122, 17396
308, 1635066508219446, 16324
309, 1635066508234928, 15482
310, 1635066508250944, 16016
311, 1635066508267072, 16128
312, 1635066508283375, 16303
313, 1635066508302623, 19248
314, 1635066508318553, 15930
315, 1635066508334599, 16046
316, 1635066508350721, 16122
317, 1635066508366982, 16261
318, 1635066508385220, 18238
319, 1635066508400066, 14846
320, 1635066508414964, 14898
321, 1635066508431018, 16054
322, 1635066508446040, 15022
323, 1635066508461092, 15052
324, 1635066508480556, 19464
325, 1635066508496044, 15488
326, 1635066508510912, 14868
327, 1635066508525884, 14972
328, 1635066508542029, 16145
329, 1635066508557864, 15835
330, 1635066508577797, 19933
331, 1635066508592610, 14813
332, 1635066508607512, 14902
333, 1635066508624136, 16624
334, 1635066508639162, 15026
335, 1635066508654216, 15054
336, 1635066508673737, 19521
337, 1635066508689770, 16033
338, 1635066508705884, 16114
339, 1635066508722136, 16252
340, 1635066508738013, 15877
341, 1635066508758050, 20037
342, 1635066508772850, 14800
343, 1635066508787676, 14826
344, 1635066508803707, 16031
345, 1635066508818717, 15010
346, 1635066508835535, 16818
347, 1635066508853963, 18428
348, 1635066508868736, 14773
349, 1635066508883599, 14863
350, 1635066508900178, 16579
351, 1635066508915128, 14950
352, 1635066508930165, 15037
353, 1635066508949706, 19541
354, 1635066508965108, 15402
355, 1635066508981058, 15950
356, 1635066508997065, 16007
357, 1635066509013227, 16162
358, 1635066509031729, 18502
359, 1635066509046514, 14785
360, 1635066509061353, 14839
361, 1635066509077331, 15978
362, 1635066509092301, 14970
363, 1635066509107323, 15022
364, 1635066509127481, 20158
365, 1635066509142258, 14777
366, 1635066509157067, 14809
367, 1635066509173067, 16000
368, 1635066509188041, 14974
369, 1635066509208051, 20010
370, 1635066509227761, 19710
371, 1635066509244793, 17032
372, 1635066509264512, 19719
373, 1635066509277643, 13131
374, 1635066509292587, 14944
375, 1635066509307475, 14888
376, 1635066509322389, 14914
377, 1635066509337286, 14897
378, 1635066509352200, 14914
379, 1635066509367150, 14950
380, 1635066509382079, 14929
381, 1635066509397047, 14968
382, 1635066509412001, 14954
383, 1635066509427015, 15014
384, 1635066509441998, 14983
385, 1635066509457022, 15024
386, 1635066509472053, 15031
387, 1635066509487081, 15028
388, 1635066509501908, 14827
389, 1635066509521000, 19092
390, 1635066509535636, 14636
391, 1635066509550249, 14613
392, 1635066509565718, 15469
393, 1635066509580658, 14940
394, 1635066509596122, 15464
395, 1635066509611042, 14920
396, 1635066509625728, 14686
397, 1635066509641455, 15727
398, 1635066509656440, 14985
399, 1635066509672175, 15735
