0, 1635066609412751, 1635066609413344, 593
1, 1635066609430946, 1635066609431338, 392
2, 1635066609444877, 1635066609445312, 435
3, 1635066609459485, 1635066609460232, 747
4, 1635066609473431, 1635066609473776, 345
5, 1635066609488027, 1635066609488691, 664
6, 1635066609501993, 1635066609502141, 148
7, 1635066609516747, 1635066609516892, 145
8, 1635066609530721, 1635066609530963, 242
9, 1635066609545426, 1635066609546260, 834
10, 1635066609559399, 1635066609559555, 156
11, 1635066609574134, 1635066609574281, 147
12, 1635066609588885, 1635066609589369, 484
13, 1635066609602853, 1635066609603353, 500
14, 1635066609616828, 1635066609616976, 148
15, 1635066609631496, 1635066609631735, 239
16, 1635066609645397, 1635066609645543, 146
17, 1635066609659332, 1635066609659653, 321
18, 1635066609673250, 1635066609673557, 307
19, 1635066609687154, 1635066609687475, 321
20, 1635066609701081, 1635066609701386, 305
21, 1635066609714985, 1635066609715226, 241
22, 1635066609728891, 1635066609729199, 308
23, 1635066609742824, 1635066609743189, 365
24, 1635066609756750, 1635066609757197, 447
25, 1635066609770646, 1635066609771792, 1146
26, 1635066609785307, 1635066609785548, 241
27, 1635066609799214, 1635066609799536, 322
28, 1635066609813115, 1635066609813807, 692
29, 1635066609827040, 1635066609827344, 304
30, 1635066609840945, 1635066609841185, 240
31, 1635066609854850, 1635066609855154, 304
32, 1635066609868781, 1635066609869636, 855
33, 1635066609883457, 1635066609883767, 310
34, 1635066609897391, 1635066609897813, 422
35, 1635066609911293, 1635066609911614, 321
36, 1635066609925199, 1635066609925587, 388
37, 1635066609939812, 1635066609940119, 307
38, 1635066609953718, 1635066609953958, 240
39, 1635066609967652, 1635066609967892, 240
40, 1635066609982266, 1635066609982719, 453
41, 1635066609996845, 1635066609997426, 581
42, 1635066610011437, 1635066610011676, 239
43, 1635066610026016, 1635066610026666, 650
44, 1635066610039917, 1635066610040156, 239
45, 1635066610054537, 1635066610054682, 145
46, 1635066610069171, 1635066610069410, 239
47, 1635066610083789, 1635066610084095, 306
48, 1635066610097694, 1635066610098298, 604
49, 1635066610111592, 1635066610112243, 651
50, 1635066610125553, 1635066610126421, 868
51, 1635066610140074, 1635066610141415, 1341
52, 1635066610152007, 1635066610155140, 3133
53, 1635066610163861, 1635066610169162, 5301
54, 1635066610177512, 1635066610182985, 5473
55, 1635066610191123, 1635066610197462, 6339
56, 1635066610205505, 1635066610207058, 1553
57, 1635066610219140, 1635066610225248, 6108
58, 1635066610233504, 1635066610239042, 5538
59, 1635066610250318, 1635066610253600, 3282
60, 1635066610262210, 1635066610267939, 5729
61, 1635066610279047, 1635066610281318, 2271
62, 1635066610290932, 1635066610296655, 5723
63, 1635066610307357, 1635066610309879, 2522
64, 1635066610319224, 1635066610324297, 5073
65, 1635066610335403, 1635066610337033, 1630
66, 1635066610347345, 1635066610350436, 3091
67, 1635066610359213, 1635066610364963, 5750
68, 1635066610373505, 1635066610378790, 5285
69, 1635066610390780, 1635066610393212, 2432
70, 1635066610402636, 1635066610407924, 5288
71, 1635066610417504, 1635066610422903, 5399
72, 1635066610431183, 1635066610436302, 5119
73, 1635066610445505, 1635066610447163, 1658
74, 1635066610462664, 1635066610462903, 239
75, 1635066610476613, 1635066610476854, 241
76, 1635066610490541, 1635066610490781, 240
77, 1635066610504470, 1635066610504711, 241
78, 1635066610518447, 1635066610518689, 242
79, 1635066610532368, 1635066610532673, 305
80, 1635066610546286, 1635066610546716, 430
81, 1635066610560226, 1635066610560906, 680
82, 1635066610574145, 1635066610575459, 1314
83, 1635066610586076, 1635066610589556, 3480
84, 1635066610597940, 1635066610604303, 6363
85, 1635066610613504, 1635066610619058, 5554
86, 1635066610627132, 1635066610633802, 6670
87, 1635066610641505, 1635066610647835, 6330
88, 1635066610653361, 1635066610657571, 4210
89, 1635066610665264, 1635066610666815, 1551
90, 1635066610681505, 1635066610687184, 5679
91, 1635066610698362, 1635066610700408, 2046
92, 1635066610710225, 1635066610711388, 1163
93, 1635066610732379, 1635066610738036, 5657
94, 1635066610745506, 1635066610750358, 4852
95, 1635066610757366, 1635066610763643, 6277
96, 1635066610776454, 1635066610779402, 2948
97, 1635066610788333, 1635066610794825, 6492
98, 1635066610800218, 1635066610808115, 7897
99, 1635066610812097, 1635066610817370, 5273
100, 1635066610833695, 1635066610834902, 1207
101, 1635066610845612, 1635066610846122, 510
102, 1635066610862135, 1635066610863275, 1140
103, 1635066610874068, 1635066610874419, 351
104, 1635066610890321, 1635066610891618, 1297
105, 1635066610902264, 1635066610902612, 348
106, 1635066610918538, 1635066610919677, 1139
107, 1635066610930468, 1635066610934239, 3771
108, 1635066610942351, 1635066610949287, 6936
109, 1635066610954240, 1635066610963957, 9717
110, 1635066610969513, 1635066610978527, 9014
111, 1635066610985511, 1635066610991137, 5626
112, 1635066611002376, 1635066611005252, 2876
113, 1635066611014235, 1635066611019819, 5584
114, 1635066611027874, 1635066611033613, 5739
115, 1635066611041505, 1635066611046771, 5266
116, 1635066611053365, 1635066611059225, 5860
117, 1635066611071979, 1635066611075758, 3779
118, 1635066611083835, 1635066611087670, 3835
119, 1635066611095686, 1635066611096725, 1039
120, 1635066611113730, 1635066611115532, 1802
121, 1635066611125587, 1635066611126791, 1204
122, 1635066611137509, 1635066611142053, 4544
123, 1635066611149391, 1635066611156385, 6994
124, 1635066611161244, 1635066611169110, 7866
125, 1635066611173097, 1635066611181954, 8857
126, 1635066611186709, 1635066611194017, 7308
127, 1635066611205097, 1635066611209939, 4842
128, 1635066611216948, 1635066611223269, 6321
129, 1635066611228793, 1635066611237990, 9197
130, 1635066611240981, 1635066611251273, 10292
131, 1635066611263198, 1635066611268626, 5428
132, 1635066611277505, 1635066611282953, 5448
133, 1635066611291159, 1635066611296997, 5838
134, 1635066611305505, 1635066611310855, 5350
135, 1635066611322800, 1635066611323663, 863
136, 1635066611337046, 1635066611337466, 420
137, 1635066611351307, 1635066611351689, 382
138, 1635066611365597, 1635066611366168, 571
139, 1635066611379862, 1635066611380168, 306
140, 1635066611394158, 1635066611394463, 305
141, 1635066611408447, 1635066611408810, 363
142, 1635066611422739, 1635066611423046, 307
143, 1635066611437002, 1635066611437316, 314
144, 1635066611451291, 1635066611451569, 278
145, 1635066611467718, 1635066611468028, 310
146, 1635066611482056, 1635066611482364, 308
147, 1635066611496363, 1635066611496509, 146
148, 1635066611511053, 1635066611511360, 307
149, 1635066611525355, 1635066611525813, 458
150, 1635066611539687, 1635066611539995, 308
151, 1635066611554017, 1635066611554163, 146
152, 1635066611568676, 1635066611568949, 273
153, 1635066611583856, 1635066611584097, 241
154, 1635066611598157, 1635066611598688, 531
155, 1635066611612512, 1635066611613040, 528
156, 1635066611626815, 1635066611627122, 307
157, 1635066611641149, 1635066611641454, 305
158, 1635066611655481, 1635066611655789, 308
159, 1635066611669787, 1635066611670252, 465
160, 1635066611684471, 1635066611685058, 587
161, 1635066611698777, 1635066611699018, 241
162, 1635066611713108, 1635066611713532, 424
163, 1635066611727416, 1635066611727572, 156
164, 1635066611741797, 1635066611741942, 145
165, 1635066611756189, 1635066611756495, 306
166, 1635066611770612, 1635066611770757, 145
167, 1635066611785035, 1635066611785180, 145
168, 1635066611799430, 1635066611799670, 240
169, 1635066611814700, 1635066611814842, 142
170, 1635066611829335, 1635066611829480, 145
171, 1635066611843992, 1635066611844238, 246
172, 1635066611858262, 1635066611858569, 307
173, 1635066611872568, 1635066611872807, 239
174, 1635066611886873, 1635066611887113, 240
175, 1635066611901157, 1635066611901301, 144
176, 1635066611915469, 1635066611915775, 306
177, 1635066611929755, 1635066611930064, 309
178, 1635066611944065, 1635066611944382, 317
179, 1635066611958339, 1635066611958832, 493
180, 1635066611972639, 1635066611973074, 435
181, 1635066611986916, 1635066611987454, 538
182, 1635066612001214, 1635066612001558, 344
183, 1635066612019182, 1635066612019508, 326
184, 1635066612033496, 1635066612034102, 606
185, 1635066612047772, 1635066612048076, 304
186, 1635066612062074, 1635066612062558, 484
187, 1635066612076702, 1635066612076940, 238
188, 1635066612091368, 1635066612091525, 157
189, 1635066612105657, 1635066612106198, 541
190, 1635066612120319, 1635066612120624, 305
191, 1635066612134594, 1635066612135054, 460
192, 1635066612149716, 1635066612150227, 511
193, 1635066612164018, 1635066612164204, 186
194, 1635066612179111, 1635066612179349, 238
195, 1635066612193415, 1635066612193655, 240
196, 1635066612207690, 1635066612208801, 1111
197, 1635066612222817, 1635066612223054, 237
198, 1635066612237130, 1635066612237370, 240
199, 1635066612251409, 1635066612251659, 250
