0, 1635066802972939, 1635066802973363, 424
1, 1635066802994954, 1635066802995113, 159
2, 1635066803009300, 1635066803009451, 151
3, 1635066803023661, 1635066803023912, 251
4, 1635066803037997, 1635066803038314, 317
5, 1635066803052349, 1635066803052593, 244
6, 1635066803067523, 1635066803067768, 245
7, 1635066803082672, 1635066803082916, 244
8, 1635066803097860, 1635066803098172, 312
9, 1635066803112193, 1635066803112506, 313
10, 1635066803126569, 1635066803126813, 244
11, 1635066803141781, 1635066803142025, 244
12, 1635066803156959, 1635066803157202, 243
13, 1635066803172168, 1635066803172482, 314
14, 1635066803186550, 1635066803186859, 309
15, 1635066803200905, 1635066803201215, 310
16, 1635066803215287, 1635066803215609, 322
17, 1635066803229645, 1635066803229952, 307
18, 1635066803244025, 1635066803244267, 242
19, 1635066803259202, 1635066803259529, 327
20, 1635066803273586, 1635066803273893, 307
21, 1635066803287964, 1635066803288272, 308
22, 1635066803302316, 1635066803302624, 308
23, 1635066803316695, 1635066803317005, 310
24, 1635066803331046, 1635066803331286, 240
25, 1635066803346253, 1635066803346561, 308
26, 1635066803360602, 1635066803360843, 241
27, 1635066803375804, 1635066803376053, 249
28, 1635066803391016, 1635066803391163, 147
29, 1635066803405731, 1635066803405974, 243
30, 1635066803420940, 1635066803421182, 242
31, 1635066803436151, 1635066803436394, 243
32, 1635066803451331, 1635066803451584, 253
33, 1635066803466551, 1635066803466857, 306
34, 1635066803480969, 1635066803481278, 309
35, 1635066803495411, 1635066803495730, 319
36, 1635066803509897, 1635066803510205, 308
37, 1635066803524338, 1635066803524646, 308
38, 1635066803538807, 1635066803539115, 308
39, 1635066803553248, 1635066803553553, 305
40, 1635066803677518, 1635066803677826, 308
41, 1635066803691829, 1635066803692136, 307
42, 1635066803706169, 1635066803706477, 308
43, 1635066803720509, 1635066803720815, 306
44, 1635066803734815, 1635066803735121, 306
45, 1635066803749153, 1635066803749459, 306
46, 1635066803763462, 1635066803763770, 308
47, 1635066803777801, 1635066803778108, 307
48, 1635066803792110, 1635066803792349, 239
49, 1635066803807260, 1635066803807623, 363
50, 1635066803821632, 1635066803821940, 308
51, 1635066803835942, 1635066803836248, 306
52, 1635066803850284, 1635066803850616, 332
53, 1635066803864618, 1635066803864859, 241
54, 1635066803879781, 1635066803879927, 146
55, 1635066803894461, 1635066803894606, 145
56, 1635066803909167, 1635066803909313, 146
57, 1635066803923874, 1635066803924021, 147
58, 1635066803938558, 1635066803938703, 145
59, 1635066803953264, 1635066803953504, 240
60, 1635066803968406, 1635066803968713, 307
61, 1635066803982755, 1635066803983061, 306
62, 1635066803997076, 1635066803997383, 307
63, 1635066804011430, 1635066804011737, 307
64, 1635066804025787, 1635066804026028, 241
65, 1635066804040930, 1635066804041170, 240
66, 1635066804056106, 1635066804056414, 308
67, 1635066804070432, 1635066804070671, 239
68, 1635066804085619, 1635066804085931, 312
69, 1635066804099981, 1635066804100221, 240
70, 1635066804115135, 1635066804115456, 321
71, 1635066804129502, 1635066804129743, 241
72, 1635066804144671, 1635066804144977, 306
73, 1635066804158992, 1635066804159298, 306
74, 1635066804173344, 1635066804173650, 306
75, 1635066804187671, 1635066804187975, 304
76, 1635066804202029, 1635066804202269, 240
77, 1635066804217185, 1635066804217490, 305
78, 1635066804231566, 1635066804231872, 306
79, 1635066804245949, 1635066804246255, 306
80, 1635066804260300, 1635066804260538, 238
81, 1635066804275506, 1635066804275746, 240
82, 1635066804290684, 1635066804290924, 240
83, 1635066804305893, 1635066804306200, 307
84, 1635066804320274, 1635066804320514, 240
85, 1635066804335453, 1635066804335760, 307
86, 1635066804349837, 1635066804350076, 239
87, 1635066804364187, 1635066804364492, 305
88, 1635066804378567, 1635066804378871, 304
89, 1635066804392947, 1635066804393185, 238
90, 1635066804408124, 1635066804408363, 239
91, 1635066804423330, 1635066804423581, 251
92, 1635066804438550, 1635066804438789, 239
93, 1635066804453732, 1635066804454077, 345
94, 1635066804470687, 1635066804470997, 310
95, 1635066804485113, 1635066804485420, 307
96, 1635066804499508, 1635066804499749, 241
97, 1635066804514717, 1635066804514957, 240
98, 1635066804529951, 1635066804530193, 242
99, 1635066804545128, 1635066804545272, 144
100, 1635066804559799, 1635066804559944, 145
101, 1635066804574498, 1635066804574768, 270
102, 1635066804589845, 1635066804589991, 146
103, 1635066804604605, 1635066804604848, 243
104, 1635066804619893, 1635066804620134, 241
105, 1635066804635212, 1635066804635465, 253
106, 1635066804650439, 1635066804650679, 240
107, 1635066804665612, 1635066804665851, 239
108, 1635066804680776, 1635066804680922, 146
109, 1635066804695398, 1635066804695554, 156
110, 1635066804710049, 1635066804710195, 146
111, 1635066804724693, 1635066804724839, 146
112, 1635066804739314, 1635066804739471, 157
113, 1635066804753963, 1635066804754203, 240
114, 1635066804769112, 1635066804769257, 145
115, 1635066804783755, 1635066804783900, 145
116, 1635066804798399, 1635066804798545, 146
117, 1635066804813040, 1635066804813279, 239
118, 1635066804828208, 1635066804828451, 243
119, 1635066804843350, 1635066804843600, 250
120, 1635066804858530, 1635066804858773, 243
121, 1635066804873705, 1635066804873949, 244
122, 1635066804888847, 1635066804889087, 240
123, 1635066804904018, 1635066804904258, 240
124, 1635066804919189, 1635066804919441, 252
125, 1635066804934330, 1635066804934474, 144
126, 1635066804948973, 1635066804949118, 145
127, 1635066804963595, 1635066804963834, 239
128, 1635066804978766, 1635066804978911, 145
129, 1635066804993410, 1635066804993649, 239
130, 1635066805008548, 1635066805008791, 243
131, 1635066805023717, 1635066805023958, 241
132, 1635066805038888, 1635066805039127, 239
133, 1635066805054034, 1635066805054273, 239
134, 1635066805069193, 1635066805069432, 239
135, 1635066805084364, 1635066805084606, 242
136, 1635066805099519, 1635066805099762, 243
137, 1635066805114704, 1635066805114943, 239
138, 1635066805129890, 1635066805130130, 240
139, 1635066805145041, 1635066805145280, 239
140, 1635066805160210, 1635066805160451, 241
141, 1635066805175380, 1635066805175633, 253
142, 1635066805190534, 1635066805190773, 239
143, 1635066805205716, 1635066805205956, 240
144, 1635066805220897, 1635066805221163, 266
145, 1635066805238259, 1635066805238504, 245
146, 1635066805253428, 1635066805253668, 240
147, 1635066805268621, 1635066805268861, 240
148, 1635066805283812, 1635066805284053, 241
149, 1635066805298978, 1635066805299285, 307
150, 1635066805313389, 1635066805313631, 242
151, 1635066805328555, 1635066805328860, 305
152, 1635066805342964, 1635066805343307, 343
153, 1635066805357395, 1635066805357701, 306
154, 1635066805371776, 1635066805372016, 240
155, 1635066805386971, 1635066805387210, 239
156, 1635066805402136, 1635066805402376, 240
157, 1635066805417329, 1635066805417569, 240
158, 1635066805432521, 1635066805432762, 241
159, 1635066805447686, 1635066805447995, 309
160, 1635066805462095, 1635066805462403, 308
161, 1635066805476505, 1635066805476747, 242
162, 1635066805491671, 1635066805491818, 147
163, 1635066805506334, 1635066805506483, 149
164, 1635066805520716, 1635066805521024, 308
165, 1635066805535124, 1635066805535441, 317
166, 1635066805549509, 1635066805549816, 307
167, 1635066805563921, 1635066805564160, 239
168, 1635066805579111, 1635066805579351, 240
169, 1635066805594388, 1635066805594628, 240
170, 1635066805609690, 1635066805609930, 240
171, 1635066805624994, 1635066805625233, 239
172, 1635066805640272, 1635066805640510, 238
173, 1635066805655550, 1635066805655856, 306
174, 1635066805669938, 1635066805670244, 306
175, 1635066805684288, 1635066805684592, 304
176, 1635066805698668, 1635066805698974, 306
177, 1635066805713019, 1635066805713326, 307
178, 1635066805727403, 1635066805727719, 316
179, 1635066805741766, 1635066805742073, 307
180, 1635066805756148, 1635066805756452, 304
181, 1635066805770506, 1635066805770812, 306
182, 1635066805784886, 1635066805785193, 307
183, 1635066805799265, 1635066805799583, 318
184, 1635066805813617, 1635066805813962, 345
185, 1635066805831733, 1635066805831978, 245
186, 1635066805846870, 1635066805847110, 240
187, 1635066805861980, 1635066805862223, 243
188, 1635066805877112, 1635066805877353, 241
189, 1635066805892249, 1635066805892491, 242
190, 1635066805907383, 1635066805907635, 252
191, 1635066805922500, 1635066805922740, 240
192, 1635066805937639, 1635066805937878, 239
193, 1635066805952746, 1635066805952985, 239
194, 1635066805967878, 1635066805968116, 238
195, 1635066805983008, 1635066805983247, 239
196, 1635066805998115, 1635066805998355, 240
197, 1635066806013248, 1635066806013488, 240
198, 1635066806028382, 1635066806028622, 240
199, 1635066806043514, 1635066806043753, 239
200, 1635066806058624, 1635066806058863, 239
201, 1635066806073761, 1635066806074000, 239
202, 1635066806088864, 1635066806089110, 246
203, 1635066806104002, 1635066806104273, 271
204, 1635066806119159, 1635066806119398, 239
205, 1635066806134266, 1635066806134575, 309
206, 1635066806148637, 1635066806148944, 307
207, 1635066806163010, 1635066806163316, 306
208, 1635066806177358, 1635066806177666, 308
209, 1635066806191730, 1635066806192036, 306
210, 1635066806206075, 1635066806206380, 305
211, 1635066806220449, 1635066806220689, 240
212, 1635066806235554, 1635066806235860, 306
213, 1635066806249925, 1635066806250232, 307
214, 1635066806264263, 1635066806264568, 305
215, 1635066806278632, 1635066806278937, 305
216, 1635066806293001, 1635066806293306, 305
217, 1635066806307372, 1635066806307687, 315
218, 1635066806321726, 1635066806321965, 239
219, 1635066806336868, 1635066806337180, 312
220, 1635066806351233, 1635066806351551, 318
221, 1635066806365606, 1635066806365845, 239
222, 1635066806380774, 1635066806381013, 239
223, 1635066806395941, 1635066806396180, 239
224, 1635066806411080, 1635066806411319, 239
225, 1635066806426276, 1635066806426516, 240
226, 1635066806441415, 1635066806441722, 307
227, 1635066806455810, 1635066806456116, 306
228, 1635066806470181, 1635066806470487, 306
229, 1635066806484576, 1635066806484883, 307
230, 1635066806498943, 1635066806499248, 305
231, 1635066806513310, 1635066806513615, 305
232, 1635066806527706, 1635066806528013, 307
233, 1635066806542073, 1635066806542377, 304
234, 1635066806556495, 1635066806556802, 307
235, 1635066806570862, 1635066806571100, 238
236, 1635066806586032, 1635066806586271, 239
237, 1635066806601167, 1635066806601407, 240
238, 1635066806616331, 1635066806616571, 240
239, 1635066806631468, 1635066806631708, 240
240, 1635066806646632, 1635066806646871, 239
241, 1635066806661801, 1635066806662109, 308
242, 1635066806676165, 1635066806676403, 238
243, 1635066806691357, 1635066806691607, 250
244, 1635066806706505, 1635066806706743, 238
245, 1635066806721673, 1635066806721981, 308
246, 1635066806736038, 1635066806736344, 306
247, 1635066806750433, 1635066806750739, 306
248, 1635066806764796, 1635066806765101, 305
249, 1635066806779176, 1635066806779496, 320
250, 1635066806793642, 1635066806793948, 306
251, 1635066806808079, 1635066806808383, 304
252, 1635066806822573, 1635066806822878, 305
253, 1635066806837009, 1635066806837317, 308
254, 1635066806851475, 1635066806851818, 343
255, 1635066806865937, 1635066806866245, 308
256, 1635066806880383, 1635066806880690, 307
257, 1635066806894730, 1635066806895036, 306
258, 1635066806909079, 1635066806909387, 308
259, 1635066806923451, 1635066806923760, 309
260, 1635066806937798, 1635066806938105, 307
261, 1635066806952197, 1635066806952503, 306
262, 1635066806966545, 1635066806966783, 238
263, 1635066806981692, 1635066806981998, 306
264, 1635066806996037, 1635066806996341, 304
265, 1635066807010415, 1635066807010720, 305
266, 1635066807024760, 1635066807025067, 307
267, 1635066807039138, 1635066807039457, 319
268, 1635066807053482, 1635066807053787, 305
269, 1635066807067822, 1635066807068129, 307
270, 1635066807082223, 1635066807082547, 324
271, 1635066807096583, 1635066807096888, 305
272, 1635066807110953, 1635066807111259, 306
273, 1635066807125299, 1635066807125610, 311
274, 1635066807139671, 1635066807139976, 305
275, 1635066807154018, 1635066807154278, 260
276, 1635066807174353, 1635066807174597, 244
277, 1635066807188138, 1635066807188378, 240
278, 1635066807201950, 1635066807202257, 307
279, 1635066807216533, 1635066807216775, 242
280, 1635066807230317, 1635066807230558, 241
281, 1635066807244129, 1635066807244433, 304
282, 1635066807258680, 1635066807258985, 305
283, 1635066807273227, 1635066807273535, 308
284, 1635066807287813, 1635066807288118, 305
285, 1635066807302361, 1635066807302620, 259
286, 1635066807318263, 1635066807318508, 245
287, 1635066807332129, 1635066807332437, 308
288, 1635066807346765, 1635066807347072, 307
289, 1635066807361371, 1635066807361679, 308
290, 1635066807376005, 1635066807376311, 306
291, 1635066807390612, 1635066807390920, 308
292, 1635066807405217, 1635066807405458, 241
293, 1635066807419081, 1635066807419321, 240
294, 1635066807432914, 1635066807433154, 240
295, 1635066807446747, 1635066807446987, 240
296, 1635066807460646, 1635066807460885, 239
297, 1635066807474483, 1635066807474725, 242
298, 1635066807488318, 1635066807488558, 240
299, 1635066807502183, 1635066807502422, 239
300, 1635066807516021, 1635066807516328, 307
301, 1635066807530658, 1635066807530963, 305
302, 1635066807545273, 1635066807545578, 305
303, 1635066807559879, 1635066807560118, 239
304, 1635066807573755, 1635066807574062, 307
305, 1635066807588391, 1635066807588662, 271
306, 1635066807602281, 1635066807602589, 308
307, 1635066807616906, 1635066807617214, 308
308, 1635066807631527, 1635066807631832, 305
309, 1635066807646169, 1635066807646476, 307
310, 1635066807660790, 1635066807661095, 305
311, 1635066807675437, 1635066807675746, 309
312, 1635066807690063, 1635066807690368, 305
313, 1635066807704713, 1635066807704952, 239
314, 1635066807718604, 1635066807718912, 308
315, 1635066807733236, 1635066807733544, 308
316, 1635066807747904, 1635066807748208, 304
317, 1635066807762545, 1635066807762851, 306
318, 1635066807777212, 1635066807777518, 306
319, 1635066807791850, 1635066807792157, 307
320, 1635066807806520, 1635066807806826, 306
321, 1635066807821156, 1635066807821463, 307
322, 1635066807835820, 1635066807836059, 239
323, 1635066807849724, 1635066807849964, 240
324, 1635066807863589, 1635066807863832, 243
325, 1635066807877504, 1635066807877744, 240
326, 1635066807891370, 1635066807891620, 250
327, 1635066807905252, 1635066807905492, 240
328, 1635066807919151, 1635066807919390, 239
329, 1635066807933016, 1635066807933322, 306
330, 1635066807947654, 1635066807947959, 305
331, 1635066807962320, 1635066807962626, 306
332, 1635066807976986, 1635066807977290, 304
333, 1635066807991652, 1635066807991958, 306
334, 1635066808006306, 1635066808006613, 307
335, 1635066808020948, 1635066808021254, 306
336, 1635066808035572, 1635066808035878, 306
337, 1635066808050197, 1635066808050505, 308
338, 1635066808064838, 1635066808065146, 308
339, 1635066808079461, 1635066808079767, 306
340, 1635066808094106, 1635066808094417, 311
341, 1635066808108752, 1635066808109061, 309
342, 1635066808123400, 1635066808123716, 316
343, 1635066808138037, 1635066808138346, 309
344, 1635066808152683, 1635066808152989, 306
345, 1635066808167330, 1635066808167584, 254
346, 1635066808181183, 1635066808181423, 240
347, 1635066808195064, 1635066808195371, 307
348, 1635066808209691, 1635066808209930, 239
349, 1635066808223537, 1635066808223777, 240
350, 1635066808237445, 1635066808237685, 240
351, 1635066808251309, 1635066808251560, 251
352, 1635066808265214, 1635066808265453, 239
353, 1635066808279147, 1635066808279387, 240
354, 1635066808293051, 1635066808293289, 238
355, 1635066808306956, 1635066808307196, 240
356, 1635066808320892, 1635066808321131, 239
357, 1635066808334796, 1635066808335064, 268
358, 1635066808348725, 1635066808349030, 305
359, 1635066808363472, 1635066808363778, 306
360, 1635066808378117, 1635066808378357, 240
361, 1635066808391976, 1635066808392216, 240
362, 1635066808405806, 1635066808406045, 239
363, 1635066808419634, 1635066808419872, 238
364, 1635066808433507, 1635066808433747, 240
365, 1635066808447336, 1635066808447587, 251
366, 1635066808461173, 1635066808461519, 346
367, 1635066808479826, 1635066808480160, 334
368, 1635066808492671, 1635066808492984, 313
369, 1635066808506534, 1635066808506840, 306
370, 1635066808520365, 1635066808520672, 307
371, 1635066808534196, 1635066808534502, 306
372, 1635066808548055, 1635066808548361, 306
373, 1635066808561887, 1635066808562192, 305
374, 1635066808575718, 1635066808576023, 305
375, 1635066808589578, 1635066808589883, 305
376, 1635066808603437, 1635066808603745, 308
377, 1635066808617267, 1635066808617575, 308
378, 1635066808631125, 1635066808631445, 320
379, 1635066808644956, 1635066808645261, 305
380, 1635066808658784, 1635066808659090, 306
381, 1635066808672641, 1635066808672946, 305
382, 1635066808686468, 1635066808686773, 305
383, 1635066808700294, 1635066808700599, 305
384, 1635066808714151, 1635066808714457, 306
385, 1635066808728003, 1635066808728308, 305
386, 1635066808741831, 1635066808742136, 305
387, 1635066808755686, 1635066808755994, 308
388, 1635066808769525, 1635066808769833, 308
389, 1635066808783352, 1635066808783670, 318
390, 1635066808797219, 1635066808797525, 306
391, 1635066808811045, 1635066808811349, 304
392, 1635066808824874, 1635066808825181, 307
393, 1635066808838730, 1635066808839038, 308
394, 1635066808852586, 1635066808852892, 306
395, 1635066808866434, 1635066808866741, 307
396, 1635066808880292, 1635066808880596, 304
397, 1635066808894123, 1635066808894430, 307
398, 1635066808907951, 1635066808908259, 308
399, 1635066808921814, 1635066808922117, 303
