0, 1635066465026946, 1635066465027257, 311
1, 1635066465048902, 1635066465049102, 200
2, 1635066465063295, 1635066465063469, 174
3, 1635066465077632, 1635066465077809, 177
4, 1635066465092355, 1635066465092428, 73
5, 1635066465106687, 1635066465106761, 74
6, 1635066465122143, 1635066465122214, 71
7, 1635066465136493, 1635066465136561, 68
8, 1635066465150868, 1635066465150939, 71
9, 1635066465165213, 1635066465165282, 69
10, 1635066465179609, 1635066465179680, 71
11, 1635066465193954, 1635066465194025, 71
12, 1635066465208303, 1635066465208373, 70
13, 1635066465222674, 1635066465222743, 69
14, 1635066465237017, 1635066465237089, 72
15, 1635066465251394, 1635066465251463, 69
16, 1635066465265739, 1635066465265817, 78
17, 1635066465280120, 1635066465280190, 70
18, 1635066465294463, 1635066465294531, 68
19, 1635066465309953, 1635066465310023, 70
20, 1635066465324295, 1635066465324366, 71
21, 1635066465338671, 1635066465338741, 70
22, 1635066465354112, 1635066465354180, 68
23, 1635066465368492, 1635066465368562, 70
24, 1635066465382835, 1635066465382906, 71
25, 1635066465397185, 1635066465397256, 71
26, 1635066465412660, 1635066465412728, 68
27, 1635066465427004, 1635066465427070, 66
28, 1635066465441404, 1635066465441472, 68
29, 1635066465455749, 1635066465455820, 71
30, 1635066465470123, 1635066465470192, 69
31, 1635066465484466, 1635066465484534, 68
32, 1635066465498838, 1635066465498908, 70
33, 1635066465514278, 1635066465514346, 68
34, 1635066465528649, 1635066465528716, 67
35, 1635066465542990, 1635066465543061, 71
36, 1635066465558461, 1635066465558531, 70
37, 1635066465573930, 1635066465573999, 69
38, 1635066465588359, 1635066465588428, 69
39, 1635066465602774, 1635066465602845, 71
40, 1635066465617222, 1635066465617290, 68
41, 1635066465631635, 1635066465631706, 71
42, 1635066465646052, 1635066465646120, 68
43, 1635066465660498, 1635066465660568, 70
44, 1635066465676056, 1635066465676126, 70
45, 1635066465690420, 1635066465690487, 67
46, 1635066465704775, 1635066465704843, 68
47, 1635066465719125, 1635066465719191, 66
48, 1635066465733445, 1635066465733513, 68
49, 1635066465748882, 1635066465748992, 110
50, 1635066465763250, 1635066465763323, 73
51, 1635066465778703, 1635066465778773, 70
52, 1635066465793034, 1635066465793103, 69
53, 1635066465807392, 1635066465807462, 70
54, 1635066465821723, 1635066465821800, 77
55, 1635066465837228, 1635066465837291, 63
56, 1635066465849964, 1635066465850025, 61
57, 1635066465862687, 1635066465862748, 61
58, 1635066465875437, 1635066465875502, 65
59, 1635066465888162, 1635066465888224, 62
60, 1635066465900883, 1635066465900945, 62
61, 1635066465913631, 1635066465913692, 61
62, 1635066465926357, 1635066465926417, 60
63, 1635066465939073, 1635066465939134, 61
64, 1635066465951859, 1635066465951919, 60
65, 1635066465964579, 1635066465964639, 60
66, 1635066465977296, 1635066465977358, 62
67, 1635066465990044, 1635066465990110, 66
68, 1635066466002768, 1635066466002828, 60
69, 1635066466015484, 1635066466015545, 61
70, 1635066466029138, 1635066466029200, 62
71, 1635066466042765, 1635066466042828, 63
72, 1635066466055486, 1635066466055546, 60
73, 1635066466068262, 1635066466068323, 61
74, 1635066466081886, 1635066466081947, 61
75, 1635066466095509, 1635066466095570, 61
76, 1635066466108259, 1635066466108321, 62
77, 1635066466121884, 1635066466121944, 60
78, 1635066466136459, 1635066466136521, 62
79, 1635066466150117, 1635066466150179, 62
80, 1635066466162839, 1635066466162900, 61
81, 1635066466176466, 1635066466176525, 59
82, 1635066466189238, 1635066466189299, 61
83, 1635066466201957, 1635066466202017, 60
84, 1635066466214671, 1635066466214732, 61
85, 1635066466228321, 1635066466228381, 60
86, 1635066466241941, 1635066466242000, 59
87, 1635066466255566, 1635066466255627, 61
88, 1635066466269220, 1635066466269281, 61
89, 1635066466283798, 1635066466283860, 62
90, 1635066466297456, 1635066466297516, 60
91, 1635066466312060, 1635066466312120, 60
92, 1635066466326652, 1635066466326711, 59
93, 1635066466339402, 1635066466339463, 61
94, 1635066466356691, 1635066466356757, 66
95, 1635066466372371, 1635066466372434, 63
96, 1635066466388967, 1635066466389034, 67
97, 1635066466402474, 1635066466402537, 63
98, 1635066466416005, 1635066466416067, 62
99, 1635066466429498, 1635066466429559, 61
100, 1635066466442996, 1635066466443062, 66
101, 1635066466456535, 1635066466456628, 93
102, 1635066466470078, 1635066466470139, 61
103, 1635066466483604, 1635066466483666, 62
104, 1635066466497107, 1635066466497172, 65
105, 1635066466510655, 1635066466510716, 61
106, 1635066466524177, 1635066466524238, 61
107, 1635066466537726, 1635066466537796, 70
108, 1635066466551255, 1635066466551321, 66
109, 1635066466564790, 1635066466564851, 61
110, 1635066466578333, 1635066466578394, 61
111, 1635066466591858, 1635066466591920, 62
112, 1635066466605404, 1635066466605466, 62
113, 1635066466618921, 1635066466618982, 61
114, 1635066466632469, 1635066466632529, 60
115, 1635066466645989, 1635066466646048, 59
116, 1635066466659537, 1635066466659597, 60
117, 1635066466673052, 1635066466673112, 60
118, 1635066466686570, 1635066466686631, 61
119, 1635066466700114, 1635066466700176, 62
120, 1635066466713629, 1635066466713689, 60
121, 1635066466727179, 1635066466727240, 61
122, 1635066466740697, 1635066466740758, 61
123, 1635066466754241, 1635066466754301, 60
124, 1635066466767761, 1635066466767821, 60
125, 1635066466781307, 1635066466781367, 60
126, 1635066466794821, 1635066466794884, 63
127, 1635066466808342, 1635066466808402, 60
128, 1635066466821883, 1635066466821944, 61
129, 1635066466835398, 1635066466835458, 60
130, 1635066466848940, 1635066466849001, 61
131, 1635066466862494, 1635066466862555, 61
132, 1635066466876115, 1635066466876179, 64
133, 1635066466889705, 1635066466889766, 61
134, 1635066466903333, 1635066466903393, 60
135, 1635066466916923, 1635066466916988, 65
136, 1635066466930511, 1635066466930571, 60
137, 1635066466944037, 1635066466944097, 60
138, 1635066466957529, 1635066466957588, 59
139, 1635066466971047, 1635066466971114, 67
140, 1635066466984551, 1635066466984611, 60
141, 1635066466998073, 1635066466998134, 61
142, 1635066467011570, 1635066467011632, 62
143, 1635066467025096, 1635066467025158, 62
144, 1635066467038593, 1635066467038683, 90
145, 1635066467055079, 1635066467055142, 63
146, 1635066467068625, 1635066467068687, 62
147, 1635066467082139, 1635066467082200, 61
148, 1635066467095674, 1635066467095736, 62
149, 1635066467109182, 1635066467109243, 61
150, 1635066467122689, 1635066467122749, 60
151, 1635066467136228, 1635066467136288, 60
152, 1635066467149736, 1635066467149839, 103
153, 1635066467163331, 1635066467163391, 60
154, 1635066467176837, 1635066467176899, 62
155, 1635066467190377, 1635066467190437, 60
156, 1635066467203899, 1635066467203962, 63
157, 1635066467217434, 1635066467217495, 61
158, 1635066467230942, 1635066467231003, 61
159, 1635066467244452, 1635066467244512, 60
160, 1635066467257990, 1635066467258054, 64
161, 1635066467271500, 1635066467271561, 61
162, 1635066467285033, 1635066467285094, 61
163, 1635066467298536, 1635066467298596, 60
164, 1635066467312071, 1635066467312133, 62
165, 1635066467325578, 1635066467325640, 62
166, 1635066467339121, 1635066467339180, 59
167, 1635066467352637, 1635066467352697, 60
168, 1635066467366150, 1635066467366211, 61
169, 1635066467379692, 1635066467379755, 63
170, 1635066467393212, 1635066467393272, 60
171, 1635066467406753, 1635066467406813, 60
172, 1635066467420267, 1635066467420328, 61
173, 1635066467433795, 1635066467433856, 61
174, 1635066467447310, 1635066467447371, 61
175, 1635066467460845, 1635066467460904, 59
176, 1635066467474353, 1635066467474412, 59
177, 1635066467487877, 1635066467487941, 64
178, 1635066467501423, 1635066467501481, 58
179, 1635066467514931, 1635066467514991, 60
180, 1635066467528473, 1635066467528533, 60
181, 1635066467541990, 1635066467542051, 61
182, 1635066467555546, 1635066467555606, 60
183, 1635066467569080, 1635066467569141, 61
184, 1635066467582638, 1635066467582699, 61
185, 1635066467604735, 1635066467604799, 64
186, 1635066467618284, 1635066467618346, 62
187, 1635066467631820, 1635066467631883, 63
188, 1635066467648385, 1635066467648448, 63
189, 1635066467664308, 1635066467664370, 62
190, 1635066467677846, 1635066467677906, 60
191, 1635066467691409, 1635066467691472, 63
192, 1635066467704951, 1635066467705011, 60
193, 1635066467718516, 1635066467718579, 63
194, 1635066467732052, 1635066467732113, 61
195, 1635066467745611, 1635066467745674, 63
196, 1635066467759144, 1635066467759204, 60
197, 1635066467772707, 1635066467772768, 61
198, 1635066467786239, 1635066467786299, 60
199, 1635066467799772, 1635066467799831, 59
200, 1635066467813339, 1635066467813399, 60
201, 1635066467826874, 1635066467826936, 62
202, 1635066467840437, 1635066467840498, 61
203, 1635066467853974, 1635066467854066, 92
204, 1635066467867573, 1635066467867633, 60
205, 1635066467881102, 1635066467881165, 63
206, 1635066467894698, 1635066467894761, 63
207, 1635066467908307, 1635066467908370, 63
208, 1635066467921916, 1635066467921977, 61
209, 1635066467935547, 1635066467935608, 61
210, 1635066467949152, 1635066467949212, 60
211, 1635066467962786, 1635066467962848, 62
212, 1635066467976306, 1635066467976367, 61
213, 1635066467989848, 1635066467989909, 61
214, 1635066468003355, 1635066468003417, 62
215, 1635066468016897, 1635066468016959, 62
216, 1635066468030413, 1635066468030474, 61
217, 1635066468043968, 1635066468044029, 61
218, 1635066468057509, 1635066468057570, 61
219, 1635066468071029, 1635066468071090, 61
220, 1635066468084580, 1635066468084640, 60
221, 1635066468098090, 1635066468098151, 61
222, 1635066468111627, 1635066468111689, 62
223, 1635066468125137, 1635066468125200, 63
224, 1635066468138678, 1635066468138740, 62
225, 1635066468152188, 1635066468152248, 60
226, 1635066468165696, 1635066468165755, 59
227, 1635066468179245, 1635066468179307, 62
228, 1635066468192787, 1635066468192849, 62
229, 1635066468206323, 1635066468206384, 61
230, 1635066468219827, 1635066468219888, 61
231, 1635066468233367, 1635066468233427, 60
232, 1635066468246877, 1635066468246939, 62
233, 1635066468260416, 1635066468260476, 60
234, 1635066468273925, 1635066468273985, 60
235, 1635066468287428, 1635066468287491, 63
236, 1635066468300961, 1635066468301022, 61
237, 1635066468314468, 1635066468314528, 60
238, 1635066468328003, 1635066468328063, 60
239, 1635066468341507, 1635066468341568, 61
240, 1635066468355043, 1635066468355106, 63
241, 1635066468368553, 1635066468368613, 60
242, 1635066468382089, 1635066468382149, 60
243, 1635066468395600, 1635066468395660, 60
244, 1635066468409111, 1635066468409174, 63
245, 1635066468422655, 1635066468422714, 59
246, 1635066468436169, 1635066468436229, 60
247, 1635066468449710, 1635066468449769, 59
248, 1635066468463236, 1635066468463298, 62
249, 1635066468476794, 1635066468476853, 59
250, 1635066468490306, 1635066468490366, 60
251, 1635066468503838, 1635066468503900, 62
252, 1635066468517346, 1635066468517406, 60
253, 1635066468530854, 1635066468530914, 60
254, 1635066468544395, 1635066468544489, 94
255, 1635066468557951, 1635066468558013, 62
256, 1635066468571494, 1635066468571555, 61
257, 1635066468585026, 1635066468585085, 59
258, 1635066468598761, 1635066468598821, 60
259, 1635066468612473, 1635066468612534, 61
260, 1635066468626213, 1635066468626276, 63
261, 1635066468639927, 1635066468639987, 60
262, 1635066468653658, 1635066468653716, 58
263, 1635066468667377, 1635066468667438, 61
264, 1635066468681086, 1635066468681146, 60
265, 1635066468694821, 1635066468694884, 63
266, 1635066468707887, 1635066468707947, 60
267, 1635066468720967, 1635066468721029, 62
268, 1635066468734020, 1635066468734081, 61
269, 1635066468747100, 1635066468747162, 62
270, 1635066468760154, 1635066468760215, 61
271, 1635066468773207, 1635066468773269, 62
272, 1635066468786259, 1635066468786321, 62
273, 1635066468799312, 1635066468799372, 60
274, 1635066468812394, 1635066468812454, 60
275, 1635066468825447, 1635066468825508, 61
276, 1635066468844922, 1635066468844990, 68
277, 1635066468858030, 1635066468858091, 61
278, 1635066468871157, 1635066468871218, 61
279, 1635066468884260, 1635066468884323, 63
280, 1635066468897389, 1635066468897452, 63
281, 1635066468918925, 1635066468918985, 60
282, 1635066468935027, 1635066468935092, 65
283, 1635066468948816, 1635066468948877, 61
284, 1635066468962568, 1635066468962629, 61
285, 1635066468976354, 1635066468976442, 88
286, 1635066468993096, 1635066468993164, 68
287, 1635066469006711, 1635066469006772, 61
288, 1635066469020346, 1635066469020407, 61
289, 1635066469033953, 1635066469034013, 60
290, 1635066469047587, 1635066469047651, 64
292, 1635066469185794, 1635066469185857, 63
293, 1635066469199305, 1635066469199368, 63
294, 1635066469212841, 1635066469212902, 61
295, 1635066469226341, 1635066469226405, 64
296, 1635066469239841, 1635066469239902, 61
297, 1635066469253372, 1635066469253433, 61
298, 1635066469266867, 1635066469266929, 62
299, 1635066469280396, 1635066469280458, 62
300, 1635066469293891, 1635066469293953, 62
301, 1635066469307419, 1635066469307480, 61
302, 1635066469320920, 1635066469320982, 62
303, 1635066469334457, 1635066469334516, 59
304, 1635066469347963, 1635066469348023, 60
305, 1635066469361470, 1635066469361564, 94
306, 1635066469375052, 1635066469375114, 62
307, 1635066469388565, 1635066469388626, 61
308, 1635066469402100, 1635066469402161, 61
309, 1635066469415610, 1635066469415672, 62
310, 1635066469429145, 1635066469429206, 61
311, 1635066469442656, 1635066469442716, 60
312, 1635066469456196, 1635066469456256, 60
313, 1635066469469705, 1635066469469769, 64
314, 1635066469483228, 1635066469483290, 62
315, 1635066469496770, 1635066469496831, 61
316, 1635066469510280, 1635066469510341, 61
317, 1635066469523821, 1635066469523883, 62
318, 1635066469537336, 1635066469537397, 61
319, 1635066469550880, 1635066469550942, 62
320, 1635066469564395, 1635066469564455, 60
321, 1635066469577938, 1635066469577999, 61
322, 1635066469591452, 1635066469591516, 64
323, 1635066469604969, 1635066469605031, 62
324, 1635066469618504, 1635066469618564, 60
325, 1635066469632013, 1635066469632074, 61
326, 1635066469645548, 1635066469645612, 64
327, 1635066469659066, 1635066469659127, 61
328, 1635066469672611, 1635066469672672, 61
329, 1635066469686129, 1635066469686189, 60
330, 1635066469699691, 1635066469699753, 62
331, 1635066469713222, 1635066469713282, 60
332, 1635066469726753, 1635066469726813, 60
333, 1635066469740312, 1635066469740373, 61
334, 1635066469753795, 1635066469753858, 63
335, 1635066469767359, 1635066469767421, 62
336, 1635066469780891, 1635066469780952, 61
337, 1635066469794451, 1635066469794512, 61
338, 1635066469807987, 1635066469808049, 62
339, 1635066469821548, 1635066469821610, 62
340, 1635066469835079, 1635066469835141, 62
341, 1635066469848612, 1635066469848673, 61
342, 1635066469862170, 1635066469862231, 61
343, 1635066469875697, 1635066469875759, 62
344, 1635066469889258, 1635066469889320, 62
345, 1635066469902788, 1635066469902850, 62
346, 1635066469916349, 1635066469916411, 62
347, 1635066469929878, 1635066469929939, 61
348, 1635066469943440, 1635066469943502, 62
349, 1635066469956972, 1635066469957036, 64
350, 1635066469970507, 1635066469970568, 61
351, 1635066469984069, 1635066469984131, 62
352, 1635066469997600, 1635066469997662, 62
353, 1635066470011157, 1635066470011218, 61
354, 1635066470024691, 1635066470024752, 61
355, 1635066470038251, 1635066470038312, 61
356, 1635066470051853, 1635066470051914, 61
357, 1635066470065485, 1635066470065578, 93
358, 1635066470079128, 1635066470079189, 61
359, 1635066470092730, 1635066470092792, 62
360, 1635066470106361, 1635066470106424, 63
361, 1635066470119969, 1635066470120031, 62
362, 1635066470133513, 1635066470133575, 62
363, 1635066470147027, 1635066470147088, 61
364, 1635066470160567, 1635066470160630, 63
365, 1635066470174073, 1635066470174134, 61
366, 1635066470187608, 1635066470187670, 62
367, 1635066470201118, 1635066470201180, 62
368, 1635066470214628, 1635066470214688, 60
369, 1635066470233930, 1635066470233993, 63
370, 1635066470246633, 1635066470246694, 61
371, 1635066470259354, 1635066470259416, 62
372, 1635066470281261, 1635066470281326, 65
373, 1635066470293954, 1635066470294018, 64
374, 1635066470307575, 1635066470307636, 61
375, 1635066470324240, 1635066470324303, 63
376, 1635066470337316, 1635066470337379, 63
377, 1635066470350369, 1635066470350431, 62
378, 1635066470363443, 1635066470363504, 61
379, 1635066470376495, 1635066470376556, 61
380, 1635066470389543, 1635066470389607, 64
381, 1635066470402591, 1635066470402652, 61
382, 1635066470415633, 1635066470415695, 62
383, 1635066470428706, 1635066470428766, 60
384, 1635066470441749, 1635066470441822, 73
385, 1635066470454840, 1635066470454902, 62
386, 1635066470467900, 1635066470467962, 62
387, 1635066470480975, 1635066470481035, 60
388, 1635066470494021, 1635066470494082, 61
389, 1635066470507067, 1635066470507129, 62
390, 1635066470520116, 1635066470520178, 62
391, 1635066470533163, 1635066470533224, 61
392, 1635066470546237, 1635066470546297, 60
393, 1635066470559285, 1635066470559348, 63
394, 1635066470572363, 1635066470572427, 64
395, 1635066470585412, 1635066470585473, 61
396, 1635066470598490, 1635066470598552, 62
397, 1635066470611538, 1635066470611599, 61
398, 1635066470624590, 1635066470624650, 60
399, 1635066470637643, 1635066470637705, 62
