0, 1635066465026946, 1635066465026946
1, 1635066465048902, 21956
2, 1635066465063295, 14393
3, 1635066465077632, 14337
4, 1635066465092355, 14723
5, 1635066465106687, 14332
6, 1635066465122143, 15456
7, 1635066465136493, 14350
8, 1635066465150868, 14375
9, 1635066465165213, 14345
10, 1635066465179609, 14396
11, 1635066465193954, 14345
12, 1635066465208303, 14349
13, 1635066465222674, 14371
14, 1635066465237017, 14343
15, 1635066465251394, 14377
16, 1635066465265739, 14345
17, 1635066465280120, 14381
18, 1635066465294463, 14343
19, 1635066465309953, 15490
20, 1635066465324295, 14342
21, 1635066465338671, 14376
22, 1635066465354112, 15441
23, 1635066465368492, 14380
24, 1635066465382835, 14343
25, 1635066465397185, 14350
26, 1635066465412660, 15475
27, 1635066465427004, 14344
28, 1635066465441404, 14400
29, 1635066465455749, 14345
30, 1635066465470123, 14374
31, 1635066465484466, 14343
32, 1635066465498838, 14372
33, 1635066465514278, 15440
34, 1635066465528649, 14371
35, 1635066465542990, 14341
36, 1635066465558461, 15471
37, 1635066465573930, 15469
38, 1635066465588359, 14429
39, 1635066465602774, 14415
40, 1635066465617222, 14448
41, 1635066465631635, 14413
42, 1635066465646052, 14417
43, 1635066465660498, 14446
44, 1635066465676056, 15558
45, 1635066465690420, 14364
46, 1635066465704775, 14355
47, 1635066465719125, 14350
48, 1635066465733445, 14320
49, 1635066465748882, 15437
50, 1635066465763250, 14368
51, 1635066465778703, 15453
52, 1635066465793034, 14331
53, 1635066465807392, 14358
54, 1635066465821723, 14331
55, 1635066465837228, 15505
56, 1635066465849964, 12736
57, 1635066465862687, 12723
58, 1635066465875437, 12750
59, 1635066465888162, 12725
60, 1635066465900883, 12721
61, 1635066465913631, 12748
62, 1635066465926357, 12726
63, 1635066465939073, 12716
64, 1635066465951859, 12786
65, 1635066465964579, 12720
66, 1635066465977296, 12717
67, 1635066465990044, 12748
68, 1635066466002768, 12724
69, 1635066466015484, 12716
70, 1635066466029138, 13654
71, 1635066466042765, 13627
72, 1635066466055486, 12721
73, 1635066466068262, 12776
74, 1635066466081886, 13624
75, 1635066466095509, 13623
76, 1635066466108259, 12750
77, 1635066466121884, 13625
78, 1635066466136459, 14575
79, 1635066466150117, 13658
80, 1635066466162839, 12722
81, 1635066466176466, 13627
82, 1635066466189238, 12772
83, 1635066466201957, 12719
84, 1635066466214671, 12714
85, 1635066466228321, 13650
86, 1635066466241941, 13620
87, 1635066466255566, 13625
88, 1635066466269220, 13654
89, 1635066466283798, 14578
90, 1635066466297456, 13658
91, 1635066466312060, 14604
92, 1635066466326652, 14592
93, 1635066466339402, 12750
94, 1635066466356691, 17289
95, 1635066466372371, 15680
96, 1635066466388967, 16596
97, 1635066466402474, 13507
98, 1635066466416005, 13531
99, 1635066466429498, 13493
100, 1635066466442996, 13498
101, 1635066466456535, 13539
102, 1635066466470078, 13543
103, 1635066466483604, 13526
104, 1635066466497107, 13503
105, 1635066466510655, 13548
106, 1635066466524177, 13522
107, 1635066466537726, 13549
108, 1635066466551255, 13529
109, 1635066466564790, 13535
110, 1635066466578333, 13543
111, 1635066466591858, 13525
112, 1635066466605404, 13546
113, 1635066466618921, 13517
114, 1635066466632469, 13548
115, 1635066466645989, 13520
116, 1635066466659537, 13548
117, 1635066466673052, 13515
118, 1635066466686570, 13518
119, 1635066466700114, 13544
120, 1635066466713629, 13515
121, 1635066466727179, 13550
122, 1635066466740697, 13518
123, 1635066466754241, 13544
124, 1635066466767761, 13520
125, 1635066466781307, 13546
126, 1635066466794821, 13514
127, 1635066466808342, 13521
128, 1635066466821883, 13541
129, 1635066466835398, 13515
130, 1635066466848940, 13542
131, 1635066466862494, 13554
132, 1635066466876115, 13621
133, 1635066466889705, 13590
134, 1635066466903333, 13628
135, 1635066466916923, 13590
136, 1635066466930511, 13588
137, 1635066466944037, 13526
138, 1635066466957529, 13492
139, 1635066466971047, 13518
140, 1635066466984551, 13504
141, 1635066466998073, 13522
142, 1635066467011570, 13497
143, 1635066467025096, 13526
144, 1635066467038593, 13497
145, 1635066467055079, 16486
146, 1635066467068625, 13546
147, 1635066467082139, 13514
148, 1635066467095674, 13535
149, 1635066467109182, 13508
150, 1635066467122689, 13507
151, 1635066467136228, 13539
152, 1635066467149736, 13508
153, 1635066467163331, 13595
154, 1635066467176837, 13506
155, 1635066467190377, 13540
156, 1635066467203899, 13522
157, 1635066467217434, 13535
158, 1635066467230942, 13508
159, 1635066467244452, 13510
160, 1635066467257990, 13538
161, 1635066467271500, 13510
162, 1635066467285033, 13533
163, 1635066467298536, 13503
164, 1635066467312071, 13535
165, 1635066467325578, 13507
166, 1635066467339121, 13543
167, 1635066467352637, 13516
168, 1635066467366150, 13513
169, 1635066467379692, 13542
170, 1635066467393212, 13520
171, 1635066467406753, 13541
172, 1635066467420267, 13514
173, 1635066467433795, 13528
174, 1635066467447310, 13515
175, 1635066467460845, 13535
176, 1635066467474353, 13508
177, 1635066467487877, 13524
178, 1635066467501423, 13546
179, 1635066467514931, 13508
180, 1635066467528473, 13542
181, 1635066467541990, 13517
182, 1635066467555546, 13556
183, 1635066467569080, 13534
184, 1635066467582638, 13558
185, 1635066467604735, 22097
186, 1635066467618284, 13549
187, 1635066467631820, 13536
188, 1635066467648385, 16565
189, 1635066467664308, 15923
190, 1635066467677846, 13538
191, 1635066467691409, 13563
192, 1635066467704951, 13542
193, 1635066467718516, 13565
194, 1635066467732052, 13536
195, 1635066467745611, 13559
196, 1635066467759144, 13533
197, 1635066467772707, 13563
198, 1635066467786239, 13532
199, 1635066467799772, 13533
200, 1635066467813339, 13567
201, 1635066467826874, 13535
202, 1635066467840437, 13563
203, 1635066467853974, 13537
204, 1635066467867573, 13599
205, 1635066467881102, 13529
206, 1635066467894698, 13596
207, 1635066467908307, 13609
208, 1635066467921916, 13609
209, 1635066467935547, 13631
210, 1635066467949152, 13605
211, 1635066467962786, 13634
212, 1635066467976306, 13520
213, 1635066467989848, 13542
214, 1635066468003355, 13507
215, 1635066468016897, 13542
216, 1635066468030413, 13516
217, 1635066468043968, 13555
218, 1635066468057509, 13541
219, 1635066468071029, 13520
220, 1635066468084580, 13551
221, 1635066468098090, 13510
222, 1635066468111627, 13537
223, 1635066468125137, 13510
224, 1635066468138678, 13541
225, 1635066468152188, 13510
226, 1635066468165696, 13508
227, 1635066468179245, 13549
228, 1635066468192787, 13542
229, 1635066468206323, 13536
230, 1635066468219827, 13504
231, 1635066468233367, 13540
232, 1635066468246877, 13510
233, 1635066468260416, 13539
234, 1635066468273925, 13509
235, 1635066468287428, 13503
236, 1635066468300961, 13533
237, 1635066468314468, 13507
238, 1635066468328003, 13535
239, 1635066468341507, 13504
240, 1635066468355043, 13536
241, 1635066468368553, 13510
242, 1635066468382089, 13536
243, 1635066468395600, 13511
244, 1635066468409111, 13511
245, 1635066468422655, 13544
246, 1635066468436169, 13514
247, 1635066468449710, 13541
248, 1635066468463236, 13526
249, 1635066468476794, 13558
250, 1635066468490306, 13512
251, 1635066468503838, 13532
252, 1635066468517346, 13508
253, 1635066468530854, 13508
254, 1635066468544395, 13541
255, 1635066468557951, 13556
256, 1635066468571494, 13543
257, 1635066468585026, 13532
258, 1635066468598761, 13735
259, 1635066468612473, 13712
260, 1635066468626213, 13740
261, 1635066468639927, 13714
262, 1635066468653658, 13731
263, 1635066468667377, 13719
264, 1635066468681086, 13709
265, 1635066468694821, 13735
266, 1635066468707887, 13066
267, 1635066468720967, 13080
268, 1635066468734020, 13053
269, 1635066468747100, 13080
270, 1635066468760154, 13054
271, 1635066468773207, 13053
272, 1635066468786259, 13052
273, 1635066468799312, 13053
274, 1635066468812394, 13082
275, 1635066468825447, 13053
276, 1635066468844922, 19475
277, 1635066468858030, 13108
278, 1635066468871157, 13127
279, 1635066468884260, 13103
280, 1635066468897389, 13129
281, 1635066468918925, 21536
282, 1635066468935027, 16102
283, 1635066468948816, 13789
284, 1635066468962568, 13752
285, 1635066468976354, 13786
286, 1635066468993096, 16742
287, 1635066469006711, 13615
288, 1635066469020346, 13635
289, 1635066469033953, 13607
290, 1635066469047587, 13634
291, 1635066469061196, 13609
292, 1635066469185794, 124598
293, 1635066469199305, 13511
294, 1635066469212841, 13536
295, 1635066469226341, 13500
296, 1635066469239841, 13500
297, 1635066469253372, 13531
298, 1635066469266867, 13495
299, 1635066469280396, 13529
300, 1635066469293891, 13495
301, 1635066469307419, 13528
302, 1635066469320920, 13501
303, 1635066469334457, 13537
304, 1635066469347963, 13506
305, 1635066469361470, 13507
306, 1635066469375052, 13582
307, 1635066469388565, 13513
308, 1635066469402100, 13535
309, 1635066469415610, 13510
310, 1635066469429145, 13535
311, 1635066469442656, 13511
312, 1635066469456196, 13540
313, 1635066469469705, 13509
314, 1635066469483228, 13523
315, 1635066469496770, 13542
316, 1635066469510280, 13510
317, 1635066469523821, 13541
318, 1635066469537336, 13515
319, 1635066469550880, 13544
320, 1635066469564395, 13515
321, 1635066469577938, 13543
322, 1635066469591452, 13514
323, 1635066469604969, 13517
324, 1635066469618504, 13535
325, 1635066469632013, 13509
326, 1635066469645548, 13535
327, 1635066469659066, 13518
328, 1635066469672611, 13545
329, 1635066469686129, 13518
330, 1635066469699691, 13562
331, 1635066469713222, 13531
332, 1635066469726753, 13531
333, 1635066469740312, 13559
334, 1635066469753795, 13483
335, 1635066469767359, 13564
336, 1635066469780891, 13532
337, 1635066469794451, 13560
338, 1635066469807987, 13536
339, 1635066469821548, 13561
340, 1635066469835079, 13531
341, 1635066469848612, 13533
342, 1635066469862170, 13558
343, 1635066469875697, 13527
344, 1635066469889258, 13561
345, 1635066469902788, 13530
346, 1635066469916349, 13561
347, 1635066469929878, 13529
348, 1635066469943440, 13562
349, 1635066469956972, 13532
350, 1635066469970507, 13535
351, 1635066469984069, 13562
352, 1635066469997600, 13531
353, 1635066470011157, 13557
354, 1635066470024691, 13534
355, 1635066470038251, 13560
356, 1635066470051853, 13602
357, 1635066470065485, 13632
358, 1635066470079128, 13643
359, 1635066470092730, 13602
360, 1635066470106361, 13631
361, 1635066470119969, 13608
362, 1635066470133513, 13544
363, 1635066470147027, 13514
364, 1635066470160567, 13540
365, 1635066470174073, 13506
366, 1635066470187608, 13535
367, 1635066470201118, 13510
368, 1635066470214628, 13510
369, 1635066470233930, 19302
370, 1635066470246633, 12703
371, 1635066470259354, 12721
372, 1635066470281261, 21907
373, 1635066470293954, 12693
374, 1635066470307575, 13621
375, 1635066470324240, 16665
376, 1635066470337316, 13076
377, 1635066470350369, 13053
378, 1635066470363443, 13074
379, 1635066470376495, 13052
380, 1635066470389543, 13048
381, 1635066470402591, 13048
382, 1635066470415633, 13042
383, 1635066470428706, 13073
384, 1635066470441749, 13043
385, 1635066470454840, 13091
386, 1635066470467900, 13060
387, 1635066470480975, 13075
388, 1635066470494021, 13046
389, 1635066470507067, 13046
390, 1635066470520116, 13049
391, 1635066470533163, 13047
392, 1635066470546237, 13074
393, 1635066470559285, 13048
394, 1635066470572363, 13078
395, 1635066470585412, 13049
396, 1635066470598490, 13078
397, 1635066470611538, 13048
398, 1635066470624590, 13052
399, 1635066470637643, 13053
