0, 1683718309739123, 1683718309739179, 56
1, 1683718309755615, 1683718309757782, 2167
2, 1683718309767870, 1683718309776954, 9084
3, 1683718309788194, 1683718309791366, 3172
4, 1683718309800176, 1683718309808436, 8260
5, 1683718309812158, 1683718309827109, 14951
6, 1683718309825096, 1683718309843844, 18748
7, 1683718309838874, 1683718309859990, 21116
8, 1683718309850855, 1683718309878337, 27482
9, 1683718309862874, 1683718309897961, 35087
10, 1683718309875603, 1683718309917076, 41473
11, 1683718309887642, 1683718309931369, 43727
12, 1683718309899660, 1683718309947527, 47867
13, 1683718309914719, 1683718309963392, 48673
14, 1683718309929754, 1683718309976927, 47173
15, 1683718309941780, 1683718309992185, 50405
16, 1683718309953788, 1683718310007656, 53868
17, 1683718309965773, 1683718310022350, 56577
18, 1683718309978170, 1683718310037084, 58914
19, 1683718309990909, 1683718310051422, 60513
20, 1683718310002920, 1683718310065547, 62627
21, 1683718310015473, 1683718310081029, 65556
22, 1683718310029242, 1683718310098141, 68899
23, 1683718310041226, 1683718310113861, 72635
24, 1683718310053215, 1683718310129588, 76373
25, 1683718310066156, 1683718310148482, 82326
26, 1683718310081262, 1683718310164426, 83164
27, 1683718310096583, 1683718310181050, 84467
28, 1683718310108566, 1683718310198314, 89748
29, 1683718310120538, 1683718310214124, 93586
30, 1683718310132882, 1683718310229982, 97100
31, 1683718310145242, 1683718310248342, 103100
32, 1683718310157217, 1683718310264986, 107769
33, 1683718310169194, 1683718310279820, 110626
34, 1683718310181171, 1683718310294947, 113776
35, 1683718310195945, 1683718310313409, 117464
36, 1683718310207948, 1683718310330784, 122836
37, 1683718310221458, 1683718310348597, 127139
38, 1683718310233456, 1683718310364068, 130612
39, 1683718310245629, 1683718310381392, 135763
40, 1683718310257633, 1683718310397567, 139934
41, 1683718310269621, 1683718310415395, 145774
42, 1683718310281599, 1683718310432876, 151277
43, 1683718310295390, 1683718310449066, 153676
44, 1683718310310626, 1683718310466492, 155866
45, 1683718310322599, 1683718310483095, 160496
46, 1683718310334600, 1683718310500453, 165853
47, 1683718310346841, 1683718310518282, 171441
48, 1683718310358872, 1683718310535537, 176665
49, 1683718310370847, 1683718310553783, 182936
50, 1683718310382814, 1683718310570799, 187985
51, 1683718310396328, 1683718310586839, 190511
52, 1683718310412597, 1683718310604781, 192184
53, 1683718310424542, 1683718310621186, 196644
54, 1683718310436511, 1683718310638501, 201990
55, 1683718310448437, 1683718310654702, 206265
56, 1683718310463697, 1683718310672318, 208621
57, 1683718310475672, 1683718310690801, 215129
58, 1683718310487649, 1683718310706824, 219175
59, 1683718310499676, 1683718310722662, 222986
60, 1683718310513535, 1683718310737476, 223941
61, 1683718310525511, 1683718310753098, 227587
62, 1683718310537517, 1683718310770591, 233074
63, 1683718310551209, 1683718310787842, 236633
64, 1683718310563186, 1683718310806499, 243313
65, 1683718310575163, 1683718310823324, 248161
66, 1683718310587140, 1683718310840009, 252869
67, 1683718310602433, 1683718310857365, 254932
68, 1683718310614405, 1683718310872424, 258019
69, 1683718310626406, 1683718310889419, 263013
70, 1683718310638381, 1683718310907262, 268881
71, 1683718310652867, 1683718310924664, 271797
72, 1683718310664865, 1683718310939803, 274938
73, 1683718310676849, 1683718310957193, 280344
74, 1683718310688853, 1683718310975256, 286403
75, 1683718310703168, 1683718310991449, 288281
76, 1683718310715134, 1683718311008295, 293161
77, 1683718310727103, 1683718311023733, 296630
78, 1683718310739041, 1683718311040230, 301189
79, 1683718310752157, 1683718311056023, 303866
80, 1683718310765898, 1683718311073289, 307391
81, 1683718310777836, 1683718311087781, 309945
82, 1683718310789775, 1683718311102052, 312277
83, 1683718310803201, 1683718311117427, 314226
84, 1683718310815211, 1683718311131663, 316452
85, 1683718310827189, 1683718311148826, 321637
86, 1683718310839163, 1683718311162493, 323330
87, 1683718310854479, 1683718311177017, 322538
88, 1683718310866469, 1683718311191627, 325158
89, 1683718310878458, 1683718311212966, 334508
90, 1683718310890473, 1683718311231268, 340795
91, 1683718310904781, 1683718311247655, 342874
92, 1683718310916765, 1683718311261633, 344868
93, 1683718310928750, 1683718311277569, 348819
94, 1683718310940739, 1683718311293877, 353138
95, 1683718310955417, 1683718311308575, 353158
96, 1683718310967453, 1683718311323175, 355722
97, 1683718310979469, 1683718311336966, 357497
98, 1683718310991491, 1683718311351578, 360087
99, 1683718311006699, 1683718311367018, 360319
100, 1683718311018749, 1683718311381656, 362907
101, 1683718311030772, 1683718311396080, 365308
102, 1683718311042851, 1683718311410276, 367425
103, 1683718311055874, 1683718311423959, 368085
104, 1683718311070590, 1683718311438318, 367728
105, 1683718311082566, 1683718311452078, 369512
106, 1683718311094540, 1683718311470156, 375616
107, 1683718311106514, 1683718311487175, 380661
108, 1683718311120808, 1683718311501756, 380948
109, 1683718311132783, 1683718311517371, 384588
110, 1683718311145538, 1683718311532784, 387246
111, 1683718311157538, 1683718311547830, 390292
112, 1683718311171089, 1683718311563135, 392046
113, 1683718311185652, 1683718311577523, 391871
114, 1683718311201500, 1683718311592130, 390630
115, 1683718311213479, 1683718311607890, 394411
116, 1683718311227671, 1683718311624548, 396877
117, 1683718311239648, 1683718311641132, 401484
118, 1683718311252453, 1683718311656092, 403639
119, 1683718311264425, 1683718311671348, 406923
120, 1683718311276412, 1683718311685961, 409549
121, 1683718311288519, 1683718311700086, 411567
122, 1683718311300519, 1683718311716341, 415822
123, 1683718311312516, 1683718311732533, 420017
124, 1683718311325280, 1683718311749668, 424388
125, 1683718311339027, 1683718311767773, 428746
126, 1683718311351011, 1683718311784858, 433847
127, 1683718311364808, 1683718311801561, 436753
128, 1683718311377288, 1683718311819320, 442032
129, 1683718311390970, 1683718311835041, 444071
130, 1683718311402898, 1683718311851597, 448699
131, 1683718311414827, 1683718311868082, 453255
132, 1683718311427638, 1683718311883915, 456277
133, 1683718311439624, 1683718311898932, 459308
134, 1683718311452869, 1683718311913974, 461105
135, 1683718311467548, 1683718311928688, 461140
136, 1683718311479476, 1683718311944476, 465000
137, 1683718311491403, 1683718311959156, 467753
138, 1683718311503340, 1683718311973949, 470609
139, 1683718311516630, 1683718311987978, 471348
140, 1683718311531310, 1683718312003004, 471694
141, 1683718311543302, 1683718312018100, 474798
142, 1683718311556557, 1683718312033654, 477097
143, 1683718311568510, 1683718312048629, 480119
144, 1683718311580472, 1683718312062516, 482044
145, 1683718311600497, 1683718312078642, 478145
146, 1683718311612453, 1683718312092668, 480215
147, 1683718311624398, 1683718312107744, 483346
148, 1683718311638054, 1683718312122793, 484739
149, 1683718311650006, 1683718312137690, 487684
150, 1683718311661936, 1683718312152593, 490657
151, 1683718311675426, 1683718312167319, 491893
152, 1683718311687352, 1683718312183834, 496482
153, 1683718311700551, 1683718312198008, 497457
154, 1683718311715592, 1683718312211495, 495903
155, 1683718311729283, 1683718312224987, 495704
156, 1683718311741211, 1683718312239048, 497837
157, 1683718311753141, 1683718312253180, 500039
158, 1683718311765998, 1683718312266385, 500387
159, 1683718311777982, 1683718312280913, 502931
160, 1683718311789909, 1683718312295230, 505321
161, 1683718311801871, 1683718312310193, 508322
162, 1683718311816286, 1683718312324180, 507894
163, 1683718311828306, 1683718312338240, 509934
164, 1683718311840270, 1683718312353582, 513312
165, 1683718311852234, 1683718312368930, 516696
166, 1683718311866117, 1683718312383257, 517140
167, 1683718311878130, 1683718312397371, 519241
168, 1683718311891215, 1683718312412876, 521661
169, 1683718311903276, 1683718312427195, 523919
170, 1683718311915289, 1683718312441709, 526420
171, 1683718311928709, 1683718312455728, 527019
172, 1683718311941710, 1683718312470479, 528769
173, 1683718311953725, 1683718312484470, 530745
174, 1683718311965735, 1683718312506824, 541089
175, 1683718311978369, 1683718312521434, 543065
176, 1683718311992160, 1683718312535858, 543698
177, 1683718312004332, 1683718312550022, 545690
178, 1683718312017762, 1683718312564454, 546692
179, 1683718312031602, 1683718312578660, 547058
180, 1683718312043645, 1683718312593756, 550111
181, 1683718312055598, 1683718312607576, 551978
182, 1683718312068413, 1683718312620513, 552100
183, 1683718312080348, 1683718312635916, 555568
184, 1683718312092446, 1683718312651575, 559129
185, 1683718312106124, 1683718312669193, 563069
186, 1683718312118063, 1683718312684385, 566322
187, 1683718312130647, 1683718312699222, 568575
188, 1683718312142591, 1683718312713343, 570752
189, 1683718312156241, 1683718312727426, 571185
190, 1683718312168191, 1683718312742426, 574235
191, 1683718312181015, 1683718312756484, 575469
192, 1683718312192930, 1683718312770766, 577836
193, 1683718312204855, 1683718312785275, 580420
194, 1683718312218427, 1683718312800106, 581679
195, 1683718312230343, 1683718312814896, 584553
196, 1683718312242612, 1683718312829495, 586883
197, 1683718312256297, 1683718312843927, 587630
198, 1683718312268212, 1683718312857534, 589322
199, 1683718312280140, 1683718312872403, 592263
