0, 1683718309739123, 1683718309739190, 67
1, 1683718309755615, 1683718309758049, 2434
2, 1683718309767870, 1683718309776955, 9085
3, 1683718309788194, 1683718309791913, 3719
4, 1683718309800176, 1683718309807671, 7495
5, 1683718309812158, 1683718309825564, 13406
6, 1683718309825096, 1683718309843614, 18518
7, 1683718309838874, 1683718309860715, 21841
8, 1683718309850855, 1683718309877797, 26942
9, 1683718309862874, 1683718309895339, 32465
10, 1683718309875603, 1683718309914774, 39171
11, 1683718309887642, 1683718309931925, 44283
12, 1683718309899660, 1683718309947174, 47514
13, 1683718309914719, 1683718309963459, 48740
14, 1683718309929754, 1683718309980797, 51043
15, 1683718309941780, 1683718309995208, 53428
16, 1683718309953788, 1683718310009851, 56063
17, 1683718309965773, 1683718310024509, 58736
18, 1683718309978170, 1683718310039163, 60993
19, 1683718309990909, 1683718310053391, 62482
20, 1683718310002920, 1683718310067818, 64898
21, 1683718310015473, 1683718310083785, 68312
22, 1683718310029242, 1683718310099218, 69976
23, 1683718310041226, 1683718310114197, 72971
24, 1683718310053215, 1683718310129976, 76761
25, 1683718310066156, 1683718310147651, 81495
26, 1683718310081262, 1683718310164382, 83120
27, 1683718310096583, 1683718310179404, 82821
28, 1683718310108566, 1683718310193556, 84990
29, 1683718310120538, 1683718310207630, 87092
30, 1683718310132882, 1683718310222623, 89741
31, 1683718310145242, 1683718310237476, 92234
32, 1683718310157217, 1683718310252009, 94792
33, 1683718310169194, 1683718310266644, 97450
34, 1683718310181171, 1683718310281886, 100715
35, 1683718310195945, 1683718310298028, 102083
36, 1683718310207948, 1683718310313266, 105318
37, 1683718310221458, 1683718310331005, 109547
38, 1683718310233456, 1683718310349401, 115945
39, 1683718310245629, 1683718310365065, 119436
40, 1683718310257633, 1683718310380851, 123218
41, 1683718310269621, 1683718310397038, 127417
42, 1683718310281599, 1683718310415236, 133637
43, 1683718310295390, 1683718310431819, 136429
44, 1683718310310626, 1683718310448971, 138345
45, 1683718310322599, 1683718310465910, 143311
46, 1683718310334600, 1683718310483237, 148637
47, 1683718310346841, 1683718310501866, 155025
48, 1683718310358872, 1683718310518668, 159796
49, 1683718310370847, 1683718310535594, 164747
50, 1683718310382814, 1683718310553316, 170502
51, 1683718310396328, 1683718310570223, 173895
52, 1683718310412597, 1683718310587360, 174763
53, 1683718310424542, 1683718310605072, 180530
54, 1683718310436511, 1683718310621632, 185121
55, 1683718310448437, 1683718310637263, 188826
56, 1683718310463697, 1683718310655470, 191773
57, 1683718310475672, 1683718310672101, 196429
58, 1683718310487649, 1683718310688516, 200867
59, 1683718310499676, 1683718310704683, 205007
60, 1683718310513535, 1683718310720771, 207236
61, 1683718310525511, 1683718310737518, 212007
62, 1683718310537517, 1683718310753758, 216241
63, 1683718310551209, 1683718310770704, 219495
64, 1683718310563186, 1683718310787817, 224631
65, 1683718310575163, 1683718310805292, 230129
66, 1683718310587140, 1683718310822817, 235677
67, 1683718310602433, 1683718310839272, 236839
68, 1683718310614405, 1683718310857124, 242719
69, 1683718310626406, 1683718310872052, 245646
70, 1683718310638381, 1683718310890281, 251900
71, 1683718310652867, 1683718310907131, 254264
72, 1683718310664865, 1683718310923652, 258787
73, 1683718310676849, 1683718310940980, 264131
74, 1683718310688853, 1683718310958063, 269210
75, 1683718310703168, 1683718310974597, 271429
76, 1683718310715134, 1683718310991109, 275975
77, 1683718310727103, 1683718311008746, 281643
78, 1683718310739041, 1683718311024488, 285447
79, 1683718310752157, 1683718311040911, 288754
80, 1683718310765898, 1683718311058232, 292334
81, 1683718310777836, 1683718311074472, 296636
82, 1683718310789775, 1683718311090625, 300850
83, 1683718310803201, 1683718311106135, 302934
84, 1683718310815211, 1683718311123423, 308212
85, 1683718310827189, 1683718311139154, 311965
86, 1683718310839163, 1683718311155532, 316369
87, 1683718310854479, 1683718311171017, 316538
88, 1683718310866469, 1683718311186158, 319689
89, 1683718310878458, 1683718311210541, 332083
90, 1683718310890473, 1683718311224137, 333664
91, 1683718310904781, 1683718311238651, 333870
92, 1683718310916765, 1683718311254756, 337991
93, 1683718310928750, 1683718311268812, 340062
94, 1683718310940739, 1683718311283167, 342428
95, 1683718310955417, 1683718311297320, 341903
96, 1683718310967453, 1683718311311362, 343909
97, 1683718310979469, 1683718311325561, 346092
98, 1683718310991491, 1683718311341444, 349953
99, 1683718311006699, 1683718311355635, 348936
100, 1683718311018749, 1683718311370283, 351534
101, 1683718311030772, 1683718311384741, 353969
102, 1683718311042851, 1683718311399325, 356474
103, 1683718311055874, 1683718311413893, 358019
104, 1683718311070590, 1683718311429821, 359231
105, 1683718311082566, 1683718311443818, 361252
106, 1683718311094540, 1683718311458388, 363848
107, 1683718311106514, 1683718311472962, 366448
108, 1683718311120808, 1683718311487766, 366958
109, 1683718311132783, 1683718311502622, 369839
110, 1683718311145538, 1683718311518379, 372841
111, 1683718311157538, 1683718311533790, 376252
112, 1683718311171089, 1683718311548526, 377437
113, 1683718311185652, 1683718311564228, 378576
114, 1683718311201500, 1683718311579212, 377712
115, 1683718311213479, 1683718311593983, 380504
116, 1683718311227671, 1683718311608560, 380889
117, 1683718311239648, 1683718311624266, 384618
118, 1683718311252453, 1683718311639606, 387153
119, 1683718311264425, 1683718311656235, 391810
120, 1683718311276412, 1683718311672623, 396211
121, 1683718311288519, 1683718311687549, 399030
122, 1683718311300519, 1683718311702308, 401789
123, 1683718311312516, 1683718311717642, 405126
124, 1683718311325280, 1683718311733168, 407888
125, 1683718311339027, 1683718311750257, 411230
126, 1683718311351011, 1683718311768621, 417610
127, 1683718311364808, 1683718311784445, 419637
128, 1683718311377288, 1683718311801552, 424264
129, 1683718311390970, 1683718311817414, 426444
130, 1683718311402898, 1683718311833000, 430102
131, 1683718311414827, 1683718311848040, 433213
132, 1683718311427638, 1683718311862876, 435238
133, 1683718311439624, 1683718311877379, 437755
134, 1683718311452869, 1683718311892766, 439897
135, 1683718311467548, 1683718311907640, 440092
136, 1683718311479476, 1683718311922751, 443275
137, 1683718311491403, 1683718311936280, 444877
138, 1683718311503340, 1683718311950900, 447560
139, 1683718311516630, 1683718311964426, 447796
140, 1683718311531310, 1683718311978743, 447433
141, 1683718311543302, 1683718311993869, 450567
142, 1683718311556557, 1683718312007501, 450944
143, 1683718311568510, 1683718312021825, 453315
144, 1683718311580472, 1683718312037994, 457522
145, 1683718311600497, 1683718312054117, 453620
146, 1683718311612453, 1683718312070706, 458253
147, 1683718311624398, 1683718312084968, 460570
148, 1683718311638054, 1683718312100007, 461953
149, 1683718311650006, 1683718312113498, 463492
150, 1683718311661936, 1683718312128065, 466129
151, 1683718311675426, 1683718312142640, 467214
152, 1683718311687352, 1683718312157961, 470609
153, 1683718311700551, 1683718312171513, 470962
154, 1683718311715592, 1683718312185984, 470392
155, 1683718311729283, 1683718312199972, 470689
156, 1683718311741211, 1683718312214922, 473711
157, 1683718311753141, 1683718312228826, 475685
158, 1683718311765998, 1683718312242844, 476846
159, 1683718311777982, 1683718312258362, 480380
160, 1683718311789909, 1683718312271931, 482022
161, 1683718311801871, 1683718312286287, 484416
162, 1683718311816286, 1683718312300871, 484585
163, 1683718311828306, 1683718312315473, 487167
164, 1683718311840270, 1683718312330049, 489779
165, 1683718311852234, 1683718312344663, 492429
166, 1683718311866117, 1683718312359239, 493122
167, 1683718311878130, 1683718312373668, 495538
168, 1683718311891215, 1683718312388247, 497032
169, 1683718311903276, 1683718312402832, 499556
170, 1683718311915289, 1683718312417317, 502028
171, 1683718311928709, 1683718312431400, 502691
172, 1683718311941710, 1683718312445438, 503728
173, 1683718311953725, 1683718312460008, 506283
174, 1683718311965735, 1683718312477801, 512066
175, 1683718311978369, 1683718312492725, 514356
176, 1683718311992160, 1683718312506846, 514686
177, 1683718312004332, 1683718312522893, 518561
178, 1683718312017762, 1683718312538015, 520253
179, 1683718312031602, 1683718312553917, 522315
180, 1683718312043645, 1683718312569960, 526315
181, 1683718312055598, 1683718312586505, 530907
182, 1683718312068413, 1683718312602241, 533828
183, 1683718312080348, 1683718312617309, 536961
184, 1683718312092446, 1683718312635084, 542638
185, 1683718312106124, 1683718312652137, 546013
186, 1683718312118063, 1683718312669151, 551088
187, 1683718312130647, 1683718312685967, 555320
188, 1683718312142591, 1683718312700956, 558365
189, 1683718312156241, 1683718312716467, 560226
190, 1683718312168191, 1683718312732872, 564681
191, 1683718312181015, 1683718312749092, 568077
192, 1683718312192930, 1683718312765094, 572164
193, 1683718312204855, 1683718312780492, 575637
194, 1683718312218427, 1683718312795214, 576787
195, 1683718312230343, 1683718312808871, 578528
196, 1683718312242612, 1683718312823562, 580950
197, 1683718312256297, 1683718312837758, 581461
198, 1683718312268212, 1683718312852016, 583804
199, 1683718312280140, 1683718312866295, 586155
