0, 1635066360207986, 1635066360207986
1, 1635066360314276, 106290
2, 1635066360416700, 102424
3, 1635066360519097, 102397
4, 1635066360621503, 102406
5, 1635066360723912, 102409
6, 1635066360826335, 102423
7, 1635066360928787, 102452
8, 1635066361031220, 102433
9, 1635066361136941, 105721
10, 1635066361239294, 102353
11, 1635066361341681, 102387
12, 1635066361444049, 102368
13, 1635066361546428, 102379
14, 1635066361648842, 102414
15, 1635066361751257, 102415
16, 1635066361853727, 102470
17, 1635066361956178, 102451
18, 1635066362058638, 102460
19, 1635066362161107, 102469
20, 1635066362263614, 102507
21, 1635066362366132, 102518
22, 1635066362468629, 102497
23, 1635066362571129, 102500
24, 1635066362673645, 102516
25, 1635066362776196, 102551
26, 1635066362878731, 102535
27, 1635066362981273, 102542
28, 1635066363083826, 102553
29, 1635066363333619, 249793
30, 1635066363444699, 111080
31, 1635066363551142, 106443
32, 1635066363657652, 106510
33, 1635066363764216, 106564
34, 1635066363870356, 106140
35, 1635066363976573, 106217
36, 1635066364082779, 106206
37, 1635066364188974, 106195
38, 1635066364295176, 106202
39, 1635066364401409, 106233
40, 1635066364507745, 106336
41, 1635066364614039, 106294
42, 1635066364720359, 106320
43, 1635066364826694, 106335
44, 1635066364933055, 106361
45, 1635066365039409, 106354
46, 1635066365145726, 106317
47, 1635066365252098, 106372
48, 1635066365358511, 106413
49, 1635066365464929, 106418
50, 1635066365574672, 109743
51, 1635066365680928, 106256
52, 1635066365787164, 106236
53, 1635066365893454, 106290
54, 1635066365999630, 106176
55, 1635066366105816, 106186
56, 1635066366211968, 106152
57, 1635066366318192, 106224
58, 1635066366424408, 106216
59, 1635066366530609, 106201
60, 1635066366636745, 106136
61, 1635066366742941, 106196
62, 1635066366849219, 106278
63, 1635066366955434, 106215
64, 1635066367061580, 106146
65, 1635066367167766, 106186
66, 1635066367273930, 106164
67, 1635066367380206, 106276
68, 1635066367486454, 106248
69, 1635066367592686, 106232
70, 1635066367702223, 109537
71, 1635066367808379, 106156
72, 1635066367914539, 106160
73, 1635066368020642, 106103
74, 1635066368126775, 106133
75, 1635066368232915, 106140
76, 1635066368339138, 106223
77, 1635066368445322, 106184
78, 1635066368551488, 106166
79, 1635066368657664, 106176
80, 1635066368763897, 106233
81, 1635066368870141, 106244
82, 1635066368976369, 106228
83, 1635066369082608, 106239
84, 1635066369188858, 106250
85, 1635066369295164, 106306
86, 1635066369401430, 106266
87, 1635066369507708, 106278
88, 1635066369613969, 106261
89, 1635066369720310, 106341
90, 1635066369829937, 109627
91, 1635066369936068, 106131
92, 1635066370042183, 106115
93, 1635066370148335, 106152
94, 1635066370254517, 106182
95, 1635066370360660, 106143
96, 1635066370478637, 117977
97, 1635066370587890, 109253
98, 1635066370697168, 109278
99, 1635066370806561, 109393
100, 1635066370915914, 109353
101, 1635066371025331, 109417
102, 1635066371131629, 106298
103, 1635066371241204, 109575
104, 1635066371347340, 106136
105, 1635066371456577, 109237
106, 1635066371565797, 109220
107, 1635066371675075, 109278
108, 1635066371781349, 106274
109, 1635066371887538, 106189
110, 1635066371993739, 106201
111, 1635066372103173, 109434
112, 1635066372212568, 109395
113, 1635066372322201, 109633
114, 1635066372431511, 109310
115, 1635066372540584, 109073
116, 1635066372646772, 106188
117, 1635066372752960, 106188
118, 1635066372859178, 106218
119, 1635066372968566, 109388
120, 1635066373078050, 109484
121, 1635066373190535, 112485
122, 1635066373296818, 106283
123, 1635066373406530, 109712
124, 1635066373515918, 109388
125, 1635066373625113, 109195
126, 1635066373731240, 106127
127, 1635066373837370, 106130
128, 1635066373943641, 106271
129, 1635066374049976, 106335
130, 1635066374159430, 109454
131, 1635066374265627, 106197
132, 1635066374371892, 106265
133, 1635066374484574, 112682
134, 1635066374593809, 109235
135, 1635066374700013, 106204
136, 1635066374809244, 109231
137, 1635066374918528, 109284
138, 1635066375024771, 106243
139, 1635066375130961, 106190
140, 1635066375246286, 115325
141, 1635066375352303, 106017
142, 1635066375458415, 106112
143, 1635066375564468, 106053
144, 1635066375672668, 108200
145, 1635066375778431, 105763
146, 1635066375884302, 105871
147, 1635066375990219, 105917
148, 1635066376096138, 105919
149, 1635066376201988, 105850
150, 1635066376307877, 105889
151, 1635066376413732, 105855
152, 1635066376519736, 106004
153, 1635066376625751, 106015
154, 1635066376731786, 106035
155, 1635066376837776, 105990
156, 1635066376943825, 106049
157, 1635066377049945, 106120
158, 1635066377156056, 106111
159, 1635066377262186, 106130
160, 1635066377368246, 106060
161, 1635066377474402, 106156
162, 1635066377582695, 108293
163, 1635066377688640, 105945
164, 1635066377794530, 105890
165, 1635066377900543, 106013
166, 1635066378006533, 105990
167, 1635066378112496, 105963
168, 1635066378218436, 105940
169, 1635066378324400, 105964
170, 1635066378430508, 106108
171, 1635066378536535, 106027
172, 1635066378642549, 106014
173, 1635066378748547, 105998
174, 1635066378854582, 106035
175, 1635066378960684, 106102
176, 1635066379066708, 106024
177, 1635066379172814, 106106
178, 1635066379278881, 106067
179, 1635066379384886, 106005
180, 1635066379490835, 105949
181, 1635066379599063, 108228
182, 1635066379704919, 105856
183, 1635066379810771, 105852
184, 1635066379916754, 105983
185, 1635066380022771, 106017
186, 1635066380128894, 106123
187, 1635066380235033, 106139
188, 1635066380341115, 106082
189, 1635066380460254, 119139
190, 1635066380566603, 106349
191, 1635066380668862, 102259
192, 1635066380771145, 102283
193, 1635066380874070, 102925
194, 1635066380980324, 106254
195, 1635066381082479, 102155
196, 1635066381185274, 102795
197, 1635066381288086, 102812
198, 1635066381390294, 102208
199, 1635066381493141, 102847
200, 1635066381596004, 102863
201, 1635066381698917, 102913
202, 1635066381801815, 102898
203, 1635066381905400, 103585
204, 1635066382011031, 105631
205, 1635066382113805, 102774
206, 1635066382215971, 102166
207, 1635066382318154, 102183
208, 1635066382420979, 102825
209, 1635066382523827, 102848
210, 1635066382626720, 102893
211, 1635066382729607, 102887
212, 1635066382832512, 102905
213, 1635066382935484, 102972
214, 1635066383041717, 106233
215, 1635066383143866, 102149
216, 1635066383246687, 102821
217, 1635066383349493, 102806
218, 1635066383451695, 102202
219, 1635066383554572, 102877
220, 1635066383657434, 102862
221, 1635066383760314, 102880
222, 1635066383863248, 102934
223, 1635066383966183, 102935
224, 1635066384072415, 106232
225, 1635066384175216, 102801
226, 1635066384277385, 102169
227, 1635066384380195, 102810
228, 1635066384483061, 102866
229, 1635066384585908, 102847
230, 1635066384688772, 102864
231, 1635066384791682, 102910
232, 1635066384894589, 102907
233, 1635066384997507, 102918
234, 1635066385103763, 106256
235, 1635066385206538, 102775
236, 1635066385309328, 102790
237, 1635066385412171, 102843
238, 1635066385515007, 102836
239, 1635066385617855, 102848
240, 1635066385720751, 102896
241, 1635066385823634, 102883
242, 1635066385926545, 102911
243, 1635066386029492, 102947
244, 1635066386135137, 105645
245, 1635066386237912, 102775
246, 1635066386340080, 102168
247, 1635066386442888, 102808
248, 1635066386545715, 102827
249, 1635066386648587, 102872
250, 1635066386751450, 102863
251, 1635066386854338, 102888
252, 1635066386957267, 102929
253, 1635066387059565, 102298
254, 1635066387165173, 105608
255, 1635066387267345, 102172
256, 1635066387369514, 102169
257, 1635066387471705, 102191
258, 1635066387573918, 102213
259, 1635066387676148, 102230
260, 1635066387778401, 102253
261, 1635066387880671, 102270
262, 1635066387983593, 102922
263, 1635066388086532, 102939
264, 1635066388192152, 105620
265, 1635066388294311, 102159
266, 1635066388397116, 102805
267, 1635066388499968, 102852
268, 1635066388602224, 102256
269, 1635066388705085, 102861
270, 1635066388807992, 102907
271, 1635066388910916, 102924
272, 1635066389013834, 102918
273, 1635066389116799, 102965
274, 1635066389223044, 106245
275, 1635066389325832, 102788
276, 1635066389428666, 102834
277, 1635066389534239, 105573
278, 1635066389636661, 102422
279, 1635066389739125, 102464
280, 1635066389841558, 102433
281, 1635066389943999, 102441
282, 1635066390051601, 107602
283, 1635066390153918, 102317
284, 1635066390256255, 102337
285, 1635066390358703, 102448
286, 1635066390464424, 105721
287, 1635066390566676, 102252
288, 1635066390668935, 102259
289, 1635066390771233, 102298
290, 1635066390873514, 102281
291, 1635066390975805, 102291
292, 1635066391078104, 102299
293, 1635066391180410, 102306
294, 1635066391282694, 102284
295, 1635066391385027, 102333
296, 1635066391487370, 102343
297, 1635066391589721, 102351
298, 1635066391692138, 102417
299, 1635066391794508, 102370
300, 1635066391896890, 102382
301, 1635066391999281, 102391
302, 1635066392101709, 102428
303, 1635066392204116, 102407
304, 1635066392306473, 102357
305, 1635066392408660, 102187
306, 1635066392510915, 102255
307, 1635066392613237, 102322
308, 1635066392715510, 102273
309, 1635066392817828, 102318
310, 1635066392920141, 102313
311, 1635066393022532, 102391
312, 1635066393124930, 102398
313, 1635066393227367, 102437
314, 1635066393329719, 102352
315, 1635066393432089, 102370
316, 1635066393534573, 102484
317, 1635066393640328, 105755
318, 1635066393742570, 102242
319, 1635066393844823, 102253
320, 1635066393947114, 102291
321, 1635066394049412, 102298
322, 1635066394151689, 102277
323, 1635066394253973, 102284
324, 1635066394356268, 102295
325, 1635066394458609, 102341
326, 1635066394560922, 102313
327, 1635066394663185, 102263
328, 1635066394765525, 102340
329, 1635066394867936, 102411
330, 1635066394970299, 102363
331, 1635066395072671, 102372
332, 1635066395174992, 102321
333, 1635066395277418, 102426
334, 1635066395379825, 102407
335, 1635066395485535, 105710
336, 1635066395587777, 102242
337, 1635066395690027, 102250
338, 1635066395792346, 102319
339, 1635066395894618, 102272
340, 1635066395996898, 102280
341, 1635066396099185, 102287
342, 1635066396201446, 102261
343, 1635066396303768, 102322
344, 1635066396406090, 102322
345, 1635066396508460, 102370
346, 1635066396610831, 102371
347, 1635066396713117, 102286
348, 1635066396815486, 102369
349, 1635066396917866, 102380
350, 1635066397020282, 102416
351, 1635066397122619, 102337
352, 1635066397228330, 105711
353, 1635066397330569, 102239
354, 1635066397432783, 102214
355, 1635066397534986, 102203
356, 1635066397637270, 102284
357, 1635066397739500, 102230
358, 1635066397841768, 102268
359, 1635066397944103, 102335
360, 1635066398046444, 102341
361, 1635066398148824, 102380
362, 1635066398251184, 102360
363, 1635066398353489, 102305
364, 1635066398455889, 102400
365, 1635066398558272, 102383
366, 1635066398663979, 105707
367, 1635066398766217, 102238
368, 1635066398868465, 102248
369, 1635066398970750, 102285
370, 1635066399073020, 102270
371, 1635066399175295, 102275
372, 1635066399277581, 102286
373, 1635066399379876, 102295
374, 1635066399482226, 102350
375, 1635066399588548, 106322
376, 1635066399690848, 102300
377, 1635066399793138, 102290
378, 1635066399896588, 103450
379, 1635066400000105, 103517
380, 1635066400106925, 106820
381, 1635066400209104, 102179
382, 1635066400312359, 103255
383, 1635066400415622, 103263
384, 1635066400517858, 102236
385, 1635066400620140, 102282
386, 1635066400723512, 103372
387, 1635066400825803, 102291
388, 1635066400929281, 103478
389, 1635066401031612, 102331
390, 1635066401133959, 102347
391, 1635066401237178, 103219
392, 1635066401339376, 102198
393, 1635066401442644, 103268
394, 1635066401544905, 102261
395, 1635066401648241, 103336
396, 1635066401751615, 103374
397, 1635066401853930, 102315
398, 1635066401957405, 103475
399, 1635066402060893, 103488
