0, 1635066631564380, 1635066631564410, 30
1, 1635066631583612, 1635066631583628, 16
2, 1635066631595756, 1635066631595773, 17
3, 1635066631607858, 1635066631607874, 16
4, 1635066631619958, 1635066631619973, 15
5, 1635066631633942, 1635066631634186, 244
6, 1635066631648341, 1635066631649329, 988
7, 1635066631662985, 1635066631664418, 1433
8, 1635066631677520, 1635066631680897, 3377
9, 1635066631691181, 1635066631691198, 17
10, 1635066631705729, 1635066631708609, 2880
11, 1635066631717664, 1635066631727413, 9749
12, 1635066631731356, 1635066631741132, 9776
13, 1635066631744185, 1635066631750079, 5894
14, 1635066631756119, 1635066631758739, 2620
15, 1635066631768193, 1635066631768210, 17
16, 1635066631783052, 1635066631784072, 1020
17, 1635066631795023, 1635066631795146, 123
18, 1635066631807906, 1635066631808003, 97
19, 1635066631820831, 1635066631823337, 2506
20, 1635066631837267, 1635066631841229, 3962
21, 1635066631849216, 1635066631857426, 8210
22, 1635066631861210, 1635066631867660, 6450
23, 1635066631880515, 1635066631880530, 15
24, 1635066631894218, 1635066631894235, 17
25, 1635066631909708, 1635066631913520, 3812
26, 1635066631923351, 1635066631935177, 11826
27, 1635066631937863, 1635066631948633, 10770
28, 1635066631951550, 1635066631964180, 12630
29, 1635066631964439, 1635066631975497, 11058
30, 1635066631978856, 1635066631991495, 12639
31, 1635066631993538, 1635066632006937, 13399
32, 1635066632007189, 1635066632019083, 11894
33, 1635066632022279, 1635066632027855, 5576
34, 1635066632034227, 1635066632037704, 3477
35, 1635066632046164, 1635066632047393, 1229
36, 1635066632058127, 1635066632058250, 123
37, 1635066632071818, 1635066632071834, 16
38, 1635066632087317, 1635066632087380, 63
39, 1635066632102590, 1635066632102649, 59
40, 1635066632117263, 1635066632117343, 80
41, 1635066632131707, 1635066632131768, 61
42, 1635066632146353, 1635066632146413, 60
43, 1635066632161028, 1635066632161087, 59
44, 1635066632176314, 1635066632176380, 66
45, 1635066632190857, 1635066632191085, 228
46, 1635066632205460, 1635066632205572, 112
47, 1635066632219259, 1635066632222626, 3367
48, 1635066632235435, 1635066632235850, 415
49, 1635066632250932, 1635066632251097, 165
50, 1635066632266423, 1635066632266556, 133
51, 1635066632281908, 1635066632282056, 148
52, 1635066632296467, 1635066632296579, 112
53, 1635066632310166, 1635066632313104, 2938
54, 1635066632323979, 1635066632325329, 1350
55, 1635066632339456, 1635066632339476, 20
56, 1635066632354693, 1635066632354711, 18
57, 1635066632369921, 1635066632370104, 183
58, 1635066632384357, 1635066632384989, 632
59, 1635066632398775, 1635066632398793, 18
60, 1635066632414007, 1635066632414023, 16
61, 1635066632429239, 1635066632429381, 142
62, 1635066632443676, 1635066632443880, 204
63, 1635066632459990, 1635066632460052, 62
64, 1635066632474512, 1635066632474701, 189
65, 1635066632489009, 1635066632489198, 189
66, 1635066632503515, 1635066632503535, 20
67, 1635066632518039, 1635066632518058, 19
68, 1635066632532559, 1635066632532685, 126
69, 1635066632547035, 1635066632547097, 62
70, 1635066632561558, 1635066632561621, 63
71, 1635066632576082, 1635066632576143, 61
72, 1635066632590602, 1635066632590663, 61
73, 1635066632605096, 1635066632605169, 73
74, 1635066632618436, 1635066632618503, 67
75, 1635066632632122, 1635066632632182, 60
76, 1635066632646763, 1635066632646823, 60
77, 1635066632661920, 1635066632661985, 65
78, 1635066632676324, 1635066632676344, 20
79, 1635066632691544, 1635066632691560, 16
80, 1635066632705973, 1635066632705991, 18
81, 1635066632720435, 1635066632722824, 2389
82, 1635066632732404, 1635066632732682, 278
83, 1635066632746930, 1635066632750110, 3180
84, 1635066632758882, 1635066632761430, 2548
85, 1635066632771011, 1635066632771624, 613
86, 1635066632784717, 1635066632785630, 913
87, 1635066632798434, 1635066632798497, 63
88, 1635066632815999, 1635066632816016, 17
89, 1635066632831546, 1635066632831561, 15
90, 1635066632848469, 1635066632848531, 62
91, 1635066632864817, 1635066632865052, 235
92, 1635066632882066, 1635066632885264, 3198
93, 1635066632894018, 1635066632899645, 5627
94, 1635066632910390, 1635066632917355, 6965
95, 1635066632926855, 1635066632930461, 3606
96, 1635066632943049, 1635066632945755, 2706
97, 1635066632959290, 1635066632963130, 3840
98, 1635066632974674, 1635066632974694, 20
99, 1635066632989405, 1635066632989424, 19
100, 1635066633004091, 1635066633004107, 16
101, 1635066633018673, 1635066633018716, 43
102, 1635066633032599, 1635066633032666, 67
103, 1635066633047272, 1635066633050718, 3446
104, 1635066633059217, 1635066633066727, 7510
105, 1635066633071156, 1635066633082815, 11659
106, 1635066633083097, 1635066633096591, 13494
107, 1635066633101795, 1635066633104736, 2941
108, 1635066633113759, 1635066633115758, 1999
109, 1635066633125843, 1635066633136453, 10610
110, 1635066633137781, 1635066633147078, 9297
111, 1635066633150252, 1635066633164367, 14115
112, 1635066633171385, 1635066633177538, 6153
113, 1635066633183331, 1635066633195495, 12164
114, 1635066633197034, 1635066633207815, 10781
115, 1635066633210254, 1635066633217934, 7680
116, 1635066633222227, 1635066633235433, 13206
117, 1635066633234237, 1635066633245290, 11053
118, 1635066633246272, 1635066633264541, 18269
119, 1635066633258207, 1635066633278191, 19984
120, 1635066633273313, 1635066633294072, 20759
121, 1635066633285278, 1635066633303486, 18208
122, 1635066633299046, 1635066633311948, 12902
123, 1635066633310939, 1635066633326086, 15147
124, 1635066633324796, 1635066633337004, 12208
125, 1635066633338412, 1635066633354886, 16474
126, 1635066633359084, 1635066633363413, 4329
127, 1635066633373662, 1635066633384804, 11142
128, 1635066633388156, 1635066633400868, 12712
129, 1635066633402645, 1635066633412015, 9370
130, 1635066633415403, 1635066633421953, 6550
131, 1635066633429179, 1635066633432995, 3816
132, 1635066633444083, 1635066633444530, 447
133, 1635066633458003, 1635066633462789, 4786
134, 1635066633469988, 1635066633478596, 8608
135, 1635066633481947, 1635066633490825, 8878
136, 1635066633493910, 1635066633503947, 10037
137, 1635066633511854, 1635066633512939, 1085
138, 1635066633523834, 1635066633524561, 727
139, 1635066633537615, 1635066633537676, 61
140, 1635066633553848, 1635066633557848, 4000
141, 1635066633565797, 1635066633572261, 6464
142, 1635066633577738, 1635066633582895, 5157
143, 1635066633589842, 1635066633595525, 5683
144, 1635066633601774, 1635066633608714, 6940
145, 1635066633619943, 1635066633626961, 7018
146, 1635066633640354, 1635066633640372, 18
147, 1635066633655585, 1635066633656662, 1077
148, 1635066633667594, 1635066633667740, 146
149, 1635066633681354, 1635066633681515, 161
150, 1635066633696649, 1635066633696794, 145
151, 1635066633710391, 1635066633710491, 100
152, 1635066633723779, 1635066633725028, 1249
153, 1635066633737424, 1635066633737472, 48
154, 1635066633751062, 1635066633756001, 4939
155, 1635066633764754, 1635066633764958, 204
156, 1635066633778539, 1635066633778557, 18
157, 1635066633792334, 1635066633792401, 67
158, 1635066633806168, 1635066633806230, 62
159, 1635066633820700, 1635066633820760, 60
160, 1635066633835228, 1635066633835288, 60
161, 1635066633849784, 1635066633849845, 61
162, 1635066633863838, 1635066633866807, 2969
163, 1635066633878746, 1635066633886558, 7812
164, 1635066633892521, 1635066633898155, 5634
165, 1635066633906178, 1635066633912187, 6009
166, 1635066633918092, 1635066633931093, 13001
167, 1635066633930078, 1635066633946099, 16021
168, 1635066633943845, 1635066633958189, 14344
169, 1635066633955756, 1635066633970542, 14786
170, 1635066633967651, 1635066633982211, 14560
171, 1635066633979542, 1635066633998451, 18909
172, 1635066633991464, 1635066634014637, 23173
173, 1635066634003394, 1635066634034084, 30690
174, 1635066634015277, 1635066634051675, 36398
175, 1635066634031494, 1635066634061791, 30297
176, 1635066634043440, 1635066634076120, 32680
177, 1635066634063439, 1635066634097577, 34138
178, 1635066634084265, 1635066634109392, 25127
179, 1635066634097897, 1635066634121135, 23238
180, 1635066634112874, 1635066634133562, 20688
181, 1635066634126543, 1635066634144350, 17807
182, 1635066634140255, 1635066634159816, 19561
183, 1635066634159425, 1635066634176349, 16924
184, 1635066634178420, 1635066634192464, 14044
185, 1635066634190349, 1635066634201657, 11308
186, 1635066634203059, 1635066634219513, 16454
187, 1635066634216371, 1635066634232061, 15690
188, 1635066634228267, 1635066634240929, 12662
189, 1635066634240164, 1635066634255423, 15259
190, 1635066634255768, 1635066634265960, 10192
191, 1635066634269244, 1635066634279444, 10200
192, 1635066634281533, 1635066634292703, 11170
193, 1635066634295948, 1635066634304899, 8951
194, 1635066634310178, 1635066634326789, 16611
195, 1635066634325376, 1635066634340900, 15524
196, 1635066634340640, 1635066634350236, 9596
197, 1635066634353522, 1635066634366025, 12503
198, 1635066634368992, 1635066634383325, 14333
199, 1635066634382147, 1635066634397113, 14966
