0, 1635066631564380, 1635066631564380
1, 1635066631583612, 19232
2, 1635066631595756, 12144
3, 1635066631607858, 12102
4, 1635066631619958, 12100
5, 1635066631633942, 13984
6, 1635066631648341, 14399
7, 1635066631662985, 14644
8, 1635066631677520, 14535
9, 1635066631691181, 13661
10, 1635066631705729, 14548
11, 1635066631717664, 11935
12, 1635066631731356, 13692
13, 1635066631744185, 12829
14, 1635066631756119, 11934
15, 1635066631768193, 12074
16, 1635066631783052, 14859
17, 1635066631795023, 11971
18, 1635066631807906, 12883
19, 1635066631820831, 12925
20, 1635066631837267, 16436
21, 1635066631849216, 11949
22, 1635066631861210, 11994
23, 1635066631880515, 19305
24, 1635066631894218, 13703
25, 1635066631909708, 15490
26, 1635066631923351, 13643
27, 1635066631937863, 14512
28, 1635066631951550, 13687
29, 1635066631964439, 12889
30, 1635066631978856, 14417
31, 1635066631993538, 14682
32, 1635066632007189, 13651
33, 1635066632022279, 15090
34, 1635066632034227, 11948
35, 1635066632046164, 11937
36, 1635066632058127, 11963
37, 1635066632071818, 13691
38, 1635066632087317, 15499
39, 1635066632102590, 15273
40, 1635066632117263, 14673
41, 1635066632131707, 14444
42, 1635066632146353, 14646
43, 1635066632161028, 14675
44, 1635066632176314, 15286
45, 1635066632190857, 14543
46, 1635066632205460, 14603
47, 1635066632219259, 13799
48, 1635066632235435, 16176
49, 1635066632250932, 15497
50, 1635066632266423, 15491
51, 1635066632281908, 15485
52, 1635066632296467, 14559
53, 1635066632310166, 13699
54, 1635066632323979, 13813
55, 1635066632339456, 15477
56, 1635066632354693, 15237
57, 1635066632369921, 15228
58, 1635066632384357, 14436
59, 1635066632398775, 14418
60, 1635066632414007, 15232
61, 1635066632429239, 15232
62, 1635066632443676, 14437
63, 1635066632459990, 16314
64, 1635066632474512, 14522
65, 1635066632489009, 14497
66, 1635066632503515, 14506
67, 1635066632518039, 14524
68, 1635066632532559, 14520
69, 1635066632547035, 14476
70, 1635066632561558, 14523
71, 1635066632576082, 14524
72, 1635066632590602, 14520
73, 1635066632605096, 14494
74, 1635066632618436, 13340
75, 1635066632632122, 13686
76, 1635066632646763, 14641
77, 1635066632661920, 15157
78, 1635066632676324, 14404
79, 1635066632691544, 15220
80, 1635066632705973, 14429
81, 1635066632720435, 14462
82, 1635066632732404, 11969
83, 1635066632746930, 14526
84, 1635066632758882, 11952
85, 1635066632771011, 12129
86, 1635066632784717, 13706
87, 1635066632798434, 13717
88, 1635066632815999, 17565
89, 1635066632831546, 15547
90, 1635066632848469, 16923
91, 1635066632864817, 16348
92, 1635066632882066, 17249
93, 1635066632894018, 11952
94, 1635066632910390, 16372
95, 1635066632926855, 16465
96, 1635066632943049, 16194
97, 1635066632959290, 16241
98, 1635066632974674, 15384
99, 1635066632989405, 14731
100, 1635066633004091, 14686
101, 1635066633018673, 14582
102, 1635066633032599, 13926
103, 1635066633047272, 14673
104, 1635066633059217, 11945
105, 1635066633071156, 11939
106, 1635066633083097, 11941
107, 1635066633101795, 18698
108, 1635066633113759, 11964
109, 1635066633125843, 12084
110, 1635066633137781, 11938
111, 1635066633150252, 12471
112, 1635066633171385, 21133
113, 1635066633183331, 11946
114, 1635066633197034, 13703
115, 1635066633210254, 13220
116, 1635066633222227, 11973
117, 1635066633234237, 12010
118, 1635066633246272, 12035
119, 1635066633258207, 11935
120, 1635066633273313, 15106
121, 1635066633285278, 11965
122, 1635066633299046, 13768
123, 1635066633310939, 11893
124, 1635066633324796, 13857
125, 1635066633338412, 13616
126, 1635066633359084, 20672
127, 1635066633373662, 14578
128, 1635066633388156, 14494
129, 1635066633402645, 14489
130, 1635066633415403, 12758
131, 1635066633429179, 13776
132, 1635066633444083, 14904
133, 1635066633458003, 13920
134, 1635066633469988, 11985
135, 1635066633481947, 11959
136, 1635066633493910, 11963
137, 1635066633511854, 17944
138, 1635066633523834, 11980
139, 1635066633537615, 13781
140, 1635066633553848, 16233
141, 1635066633565797, 11949
142, 1635066633577738, 11941
143, 1635066633589842, 12104
144, 1635066633601774, 11932
145, 1635066633619943, 18169
146, 1635066633640354, 20411
147, 1635066633655585, 15231
148, 1635066633667594, 12009
149, 1635066633681354, 13760
150, 1635066633696649, 15295
151, 1635066633710391, 13742
152, 1635066633723779, 13388
153, 1635066633737424, 13645
154, 1635066633751062, 13638
155, 1635066633764754, 13692
156, 1635066633778539, 13785
157, 1635066633792334, 13795
158, 1635066633806168, 13834
159, 1635066633820700, 14532
160, 1635066633835228, 14528
161, 1635066633849784, 14556
162, 1635066633863838, 14054
163, 1635066633878746, 14908
164, 1635066633892521, 13775
165, 1635066633906178, 13657
166, 1635066633918092, 11914
167, 1635066633930078, 11986
168, 1635066633943845, 13767
169, 1635066633955756, 11911
170, 1635066633967651, 11895
171, 1635066633979542, 11891
172, 1635066633991464, 11922
173, 1635066634003394, 11930
174, 1635066634015277, 11883
175, 1635066634031494, 16217
176, 1635066634043440, 11946
177, 1635066634063439, 19999
178, 1635066634084265, 20826
179, 1635066634097897, 13632
180, 1635066634112874, 14977
181, 1635066634126543, 13669
182, 1635066634140255, 13712
183, 1635066634159425, 19170
184, 1635066634178420, 18995
185, 1635066634190349, 11929
186, 1635066634203059, 12710
187, 1635066634216371, 13312
188, 1635066634228267, 11896
189, 1635066634240164, 11897
190, 1635066634255768, 15604
191, 1635066634269244, 13476
192, 1635066634281533, 12289
193, 1635066634295948, 14415
194, 1635066634310178, 14230
195, 1635066634325376, 15198
196, 1635066634340640, 15264
197, 1635066634353522, 12882
198, 1635066634368992, 15470
199, 1635066634382147, 13155
