0, 1635066683149336, 1635066683150936, 1600
1, 1635066683171630, 1635066683175643, 4013
2, 1635066683185446, 1635066683189001, 3555
3, 1635066683199223, 1635066683208737, 9514
4, 1635066683220746, 1635066683224782, 4036
5, 1635066683234494, 1635066683241276, 6782
6, 1635066683248292, 1635066683254898, 6606
7, 1635066683267439, 1635066683269376, 1937
8, 1635066683282168, 1635066683290807, 8639
9, 1635066683294127, 1635066683300415, 6288
10, 1635066683308709, 1635066683324845, 16136
11, 1635066683323458, 1635066683332750, 9292
12, 1635066683335525, 1635066683345182, 9657
13, 1635066683372447, 1635066683373009, 562
14, 1635066683388342, 1635066683390217, 1875
15, 1635066683400282, 1635066683409320, 9038
16, 1635066683423399, 1635066683425139, 1740
17, 1635066683443437, 1635066683443456, 19
18, 1635066683457027, 1635066683462013, 4986
19, 1635066683471435, 1635066683483036, 11601
20, 1635066683484273, 1635066683492317, 8044
21, 1635066683497588, 1635066683517240, 19652
22, 1635066683529292, 1635066683547160, 17868
23, 1635066683555477, 1635066683559672, 4195
24, 1635066683579456, 1635066683586254, 6798
25, 1635066683591477, 1635066683618012, 26535
26, 1635066683620434, 1635066683628904, 8470
27, 1635066683640882, 1635066683656429, 15547
28, 1635066683656277, 1635066683677351, 21074
29, 1635066683670567, 1635066683697450, 26883
30, 1635066683699445, 1635066683711140, 11695
31, 1635066683713310, 1635066683731009, 17699
32, 1635066683737475, 1635066683746404, 8929
33, 1635066683751133, 1635066683758548, 7415
34, 1635066683766646, 1635066683789275, 22629
35, 1635066683795506, 1635066683803972, 8466
36, 1635066683815544, 1635066683818398, 2854
37, 1635066683829266, 1635066683836743, 7477
38, 1635066683842986, 1635066683855989, 13003
39, 1635066683854937, 1635066683867318, 12381
40, 1635066683866892, 1635066683883628, 16736
41, 1635066683888391, 1635066683895941, 7550
42, 1635066683915492, 1635066683928763, 13271
43, 1635066683935504, 1635066683936505, 1001
44, 1635066683960712, 1635066683960731, 19
45, 1635066683979296, 1635066683979314, 18
46, 1635066683999440, 1635066683999459, 19
47, 1635066684015448, 1635066684015466, 18
48, 1635066684029982, 1635066684030001, 19
49, 1635066684066466, 1635066684066528, 62
50, 1635066684081209, 1635066684081228, 19
51, 1635066684095864, 1635066684096993, 1129
52, 1635066684112375, 1635066684112395, 20
53, 1635066684131391, 1635066684133378, 1987
54, 1635066684143442, 1635066684149891, 6449
55, 1635066684163442, 1635066684166266, 2824
56, 1635066684178027, 1635066684185527, 7500
57, 1635066684189994, 1635066684201329, 11335
58, 1635066684214036, 1635066684214057, 21
59, 1635066684225978, 1635066684230173, 4195
60, 1635066684239933, 1635066684253872, 13939
61, 1635066684259445, 1635066684268746, 9301
62, 1635066684291386, 1635066684291405, 19
63, 1635066684305150, 1635066684305170, 20
64, 1635066684319435, 1635066684319454, 19
65, 1635066684333459, 1635066684335561, 2102
66, 1635066684347582, 1635066684358304, 10722
67, 1635066684381229, 1635066684381247, 18
68, 1635066684396397, 1635066684396415, 18
69, 1635066684411559, 1635066684415278, 3719
70, 1635066684427818, 1635066684430606, 2788
71, 1635066684442408, 1635066684444852, 2444
72, 1635066684454371, 1635066684466278, 11907
73, 1635066684466331, 1635066684474654, 8323
74, 1635066684487457, 1635066684494156, 6699
75, 1635066684499382, 1635066684516758, 17376
76, 1635066684523469, 1635066684526061, 2592
77, 1635066684543443, 1635066684547376, 3933
78, 1635066684557151, 1635066684566040, 8889
79, 1635066684575470, 1635066684576787, 1317
80, 1635066684587407, 1635066684596806, 9399
81, 1635066684601071, 1635066684608756, 7685
82, 1635066684628402, 1635066684628421, 19
83, 1635066684659429, 1635066684659450, 21
84, 1635066684699352, 1635066684699373, 21
85, 1635066684712888, 1635066684712906, 18
86, 1635066684738794, 1635066684738815, 21
87, 1635066684758045, 1635066684758062, 17
88, 1635066684774312, 1635066684774467, 155
89, 1635066684788577, 1635066684788596, 19
90, 1635066684804814, 1635066684804831, 17
91, 1635066684823514, 1635066684823530, 16
92, 1635066684845003, 1635066684845026, 23
93, 1635066684860425, 1635066684860443, 18
94, 1635066684879473, 1635066684879492, 19
95, 1635066684892485, 1635066684892505, 20
96, 1635066684914819, 1635066684914841, 22
97, 1635066684935457, 1635066684935475, 18
98, 1635066684948470, 1635066684948488, 18
99, 1635066684965441, 1635066684965459, 18
100, 1635066684980134, 1635066684980858, 724
101, 1635066685007426, 1635066685007486, 60
102, 1635066685022104, 1635066685024016, 1912
103, 1635066685035782, 1635066685044292, 8510
104, 1635066685056911, 1635066685057993, 1082
105, 1635066685071485, 1635066685072574, 1089
106, 1635066685086070, 1635066685093316, 7246
107, 1635066685115453, 1635066685115472, 19
108, 1635066685130039, 1635066685130057, 18
109, 1635066685144569, 1635066685144585, 16
110, 1635066685160003, 1635066685160022, 19
111, 1635066685181487, 1635066685181510, 23
112, 1635066685203426, 1635066685203445, 19
113, 1635066685217399, 1635066685217416, 17
114, 1635066685242897, 1635066685242920, 23
115, 1635066685255887, 1635066685255904, 17
116, 1635066685278318, 1635066685278336, 18
117, 1635066685293002, 1635066685293021, 19
118, 1635066685315355, 1635066685315479, 124
119, 1635066685340330, 1635066685340348, 18
120, 1635066685354981, 1635066685355133, 152
121, 1635066685368707, 1635066685369170, 463
122, 1635066685383315, 1635066685393450, 10135
123, 1635066685396951, 1635066685420719, 23768
124, 1635066685427412, 1635066685436657, 9245
125, 1635066685440369, 1635066685461290, 20921
126, 1635066685464292, 1635066685472665, 8373
127, 1635066685484655, 1635066685491649, 6994
128, 1635066685498265, 1635066685509358, 11093
129, 1635066685515397, 1635066685523893, 8496
130, 1635066685535888, 1635066685547664, 11776
131, 1635066685549684, 1635066685566078, 16394
132, 1635066685572388, 1635066685577316, 4928
133, 1635066685591447, 1635066685593354, 1907
134, 1635066685605093, 1635066685608364, 3271
135, 1635066685623453, 1635066685637199, 13746
136, 1635066685643409, 1635066685644634, 1225
137, 1635066685657185, 1635066685670981, 13796
138, 1635066685670843, 1635066685680701, 9858
139, 1635066685684621, 1635066685691635, 7014
140, 1635066685696576, 1635066685722565, 25989
141, 1635066685723476, 1635066685732734, 9258
142, 1635066685738864, 1635066685751856, 12992
143, 1635066685767391, 1635066685784654, 17263
144, 1635066685781032, 1635066685802383, 21351
145, 1635066685797754, 1635066685821187, 23433
146, 1635066685827393, 1635066685840047, 12654
147, 1635066685841060, 1635066685870296, 29236
148, 1635066685855727, 1635066685881106, 25379
149, 1635066685869569, 1635066685909738, 40169
150, 1635066685884198, 1635066685923551, 39353
151, 1635066685904722, 1635066685939022, 34300
152, 1635066685925974, 1635066685961829, 35855
153, 1635066685947385, 1635066685974554, 27169
154, 1635066685964351, 1635066685991356, 27005
155, 1635066685980377, 1635066686014024, 33647
156, 1635066685996348, 1635066686031167, 34819
157, 1635066686015487, 1635066686036950, 21463
158, 1635066686028705, 1635066686062081, 33376
159, 1635066686040738, 1635066686074622, 33884
160, 1635066686071382, 1635066686094557, 23175
161, 1635066686088211, 1635066686110536, 22325
162, 1635066686116734, 1635066686129774, 13040
163, 1635066686128716, 1635066686146735, 18019
164, 1635066686153210, 1635066686155999, 2789
165, 1635066686175465, 1635066686176465, 1000
166, 1635066686199404, 1635066686199424, 20
167, 1635066686219479, 1635066686219651, 172
168, 1635066686233316, 1635066686233456, 140
169, 1635066686251479, 1635066686251497, 18
170, 1635066686265221, 1635066686265253, 32
171, 1635066686279784, 1635066686279802, 18
172, 1635066686311380, 1635066686311399, 19
173, 1635066686324394, 1635066686324414, 20
174, 1635066686353314, 1635066686353335, 21
175, 1635066686395418, 1635066686395515, 97
176, 1635066686426008, 1635066686426026, 18
177, 1635066686447850, 1635066686447868, 18
178, 1635066686468720, 1635066686468738, 18
179, 1635066686487693, 1635066686487711, 18
180, 1635066686519389, 1635066686519409, 20
181, 1635066686538916, 1635066686538933, 17
182, 1635066686563239, 1635066686563260, 21
183, 1635066686593379, 1635066686593399, 20
184, 1635066686637012, 1635066686637033, 21
185, 1635066686655409, 1635066686655426, 17
186, 1635066686679181, 1635066686679201, 20
187, 1635066686703063, 1635066686703080, 17
188, 1635066686726900, 1635066686726919, 19
189, 1635066686751031, 1635066686751057, 26
190, 1635066686769654, 1635066686769930, 276
191, 1635066686790723, 1635066686790744, 21
192, 1635066686814612, 1635066686814631, 19
193, 1635066686833229, 1635066686833245, 16
194, 1635066686854381, 1635066686854397, 16
195, 1635066686878287, 1635066686878306, 19
196, 1635066686896787, 1635066686896805, 18
197, 1635066686917844, 1635066686917860, 16
198, 1635066686936368, 1635066686936387, 19
199, 1635066686960277, 1635066686960293, 16
