0, 1635066683149336, 1635066683149819, 483
1, 1635066683171630, 1635066683175513, 3883
2, 1635066683185446, 1635066683197325, 11879
3, 1635066683199223, 1635066683210007, 10784
4, 1635066683220746, 1635066683230162, 9416
5, 1635066683234494, 1635066683239356, 4862
6, 1635066683248292, 1635066683267597, 19305
7, 1635066683267439, 1635066683277070, 9631
8, 1635066683282168, 1635066683294948, 12780
9, 1635066683294127, 1635066683306131, 12004
10, 1635066683308709, 1635066683317233, 8524
11, 1635066683323458, 1635066683346418, 22960
12, 1635066683335525, 1635066683366270, 30745
13, 1635066683372447, 1635066683386055, 13608
14, 1635066683388342, 1635066683397644, 9302
15, 1635066683400282, 1635066683417384, 17102
16, 1635066683423399, 1635066683437232, 13833
17, 1635066683443437, 1635066683450853, 7416
18, 1635066683457027, 1635066683475493, 18466
19, 1635066683471435, 1635066683495640, 24205
20, 1635066683484273, 1635066683523026, 38753
21, 1635066683497588, 1635066683537271, 39683
22, 1635066683529292, 1635066683552912, 23620
23, 1635066683555477, 1635066683573258, 17781
24, 1635066683579456, 1635066683591088, 11632
25, 1635066683591477, 1635066683617157, 25680
26, 1635066683620434, 1635066683644005, 23571
27, 1635066683640882, 1635066683659003, 18121
28, 1635066683656277, 1635066683668700, 12423
29, 1635066683670567, 1635066683693244, 22677
30, 1635066683699445, 1635066683708023, 8578
31, 1635066683713310, 1635066683733723, 20413
32, 1635066683737475, 1635066683754184, 16709
33, 1635066683751133, 1635066683764390, 13257
34, 1635066683766646, 1635066683792319, 25673
35, 1635066683795506, 1635066683803557, 8051
36, 1635066683815544, 1635066683817454, 1910
37, 1635066683829266, 1635066683844337, 15071
38, 1635066683842986, 1635066683857943, 14957
39, 1635066683854937, 1635066683881166, 26229
40, 1635066683866892, 1635066683892938, 26046
41, 1635066683888391, 1635066683913176, 24785
42, 1635066683915492, 1635066683932781, 17289
43, 1635066683935504, 1635066683948689, 13185
44, 1635066683960712, 1635066683973119, 12407
45, 1635066683979296, 1635066683992755, 13459
46, 1635066683999440, 1635066684017054, 17614
47, 1635066684015448, 1635066684028258, 12810
48, 1635066684029982, 1635066684053625, 23643
49, 1635066684066466, 1635066684066692, 226
50, 1635066684081209, 1635066684081387, 178
51, 1635066684095864, 1635066684096978, 1114
52, 1635066684112375, 1635066684112553, 178
53, 1635066684131391, 1635066684132524, 1133
54, 1635066684143442, 1635066684143557, 115
55, 1635066684163442, 1635066684163631, 189
56, 1635066684178027, 1635066684189315, 11288
57, 1635066684189994, 1635066684204861, 14867
58, 1635066684214036, 1635066684225418, 11382
59, 1635066684225978, 1635066684233261, 7283
60, 1635066684239933, 1635066684252796, 12863
61, 1635066684259445, 1635066684269215, 9770
62, 1635066684291386, 1635066684302770, 11384
63, 1635066684305150, 1635066684312761, 7611
64, 1635066684319435, 1635066684322317, 2882
65, 1635066684333459, 1635066684345404, 11945
66, 1635066684347582, 1635066684369224, 21642
67, 1635066684381229, 1635066684381309, 80
68, 1635066684396397, 1635066684396473, 76
69, 1635066684411559, 1635066684411638, 79
70, 1635066684427818, 1635066684427902, 84
71, 1635066684442408, 1635066684443505, 1097
72, 1635066684454371, 1635066684465392, 11021
73, 1635066684466331, 1635066684480808, 14477
74, 1635066684487457, 1635066684492256, 4799
75, 1635066684499382, 1635066684541315, 41933
76, 1635066684523469, 1635066684550969, 27500
77, 1635066684543443, 1635066684568796, 25353
78, 1635066684557151, 1635066684588379, 31228
79, 1635066684575470, 1635066684600094, 24624
80, 1635066684587407, 1635066684626125, 38718
81, 1635066684601071, 1635066684650802, 49731
82, 1635066684628402, 1635066684658844, 30442
83, 1635066684659429, 1635066684699789, 40360
84, 1635066684699352, 1635066684712347, 12995
85, 1635066684712888, 1635066684734758, 21870
86, 1635066684738794, 1635066684746942, 8148
87, 1635066684758045, 1635066684761665, 3620
88, 1635066684774312, 1635066684776185, 1873
89, 1635066684788577, 1635066684792818, 4241
90, 1635066684804814, 1635066684823744, 18930
91, 1635066684823514, 1635066684838820, 15306
92, 1635066684845003, 1635066684857175, 12172
93, 1635066684860425, 1635066684876286, 15861
94, 1635066684879473, 1635066684888147, 8674
95, 1635066684892485, 1635066684911051, 18566
96, 1635066684914819, 1635066684932700, 17881
97, 1635066684935457, 1635066684944800, 9343
98, 1635066684948470, 1635066684961952, 13482
99, 1635066684965441, 1635066684980881, 15440
100, 1635066684980134, 1635066685001679, 21545
101, 1635066685007426, 1635066685009020, 1594
102, 1635066685022104, 1635066685025334, 3230
103, 1635066685035782, 1635066685043237, 7455
104, 1635066685056911, 1635066685059766, 2855
105, 1635066685071485, 1635066685080564, 9079
106, 1635066685086070, 1635066685100219, 14149
107, 1635066685115453, 1635066685123692, 8239
108, 1635066685130039, 1635066685145934, 15895
109, 1635066685144569, 1635066685157179, 12610
110, 1635066685160003, 1635066685177837, 17834
111, 1635066685181487, 1635066685198076, 16589
112, 1635066685203426, 1635066685214955, 11529
113, 1635066685217399, 1635066685237916, 20517
114, 1635066685242897, 1635066685250700, 7803
115, 1635066685255887, 1635066685274406, 18519
116, 1635066685278318, 1635066685302323, 24005
117, 1635066685293002, 1635066685313208, 20206
118, 1635066685315355, 1635066685337174, 21819
119, 1635066685340330, 1635066685369086, 28756
120, 1635066685354981, 1635066685377262, 22281
121, 1635066685368707, 1635066685392360, 23653
122, 1635066685383315, 1635066685421700, 38385
123, 1635066685396951, 1635066685435602, 38651
124, 1635066685427412, 1635066685460700, 33288
125, 1635066685440369, 1635066685478321, 37952
126, 1635066685464292, 1635066685490593, 26301
127, 1635066685484655, 1635066685508705, 24050
128, 1635066685498265, 1635066685533713, 35448
129, 1635066685515397, 1635066685547456, 32059
130, 1635066685535888, 1635066685569169, 33281
131, 1635066685549684, 1635066685589175, 39491
132, 1635066685572388, 1635066685602749, 30361
133, 1635066685591447, 1635066685620272, 28825
134, 1635066685605093, 1635066685641092, 35999
135, 1635066685623453, 1635066685662266, 38813
136, 1635066685643409, 1635066685682145, 38736
137, 1635066685657185, 1635066685695838, 38653
138, 1635066685670843, 1635066685724282, 53439
139, 1635066685684621, 1635066685738498, 53877
140, 1635066685696576, 1635066685760705, 64129
141, 1635066685723476, 1635066685785590, 62114
142, 1635066685738864, 1635066685797153, 58289
143, 1635066685767391, 1635066685823916, 56525
144, 1635066685781032, 1635066685836708, 55676
145, 1635066685797754, 1635066685869592, 71838
146, 1635066685827393, 1635066685882086, 54693
147, 1635066685841060, 1635066685892756, 51696
148, 1635066685855727, 1635066685918262, 62535
149, 1635066685869569, 1635066685942586, 73017
150, 1635066685884198, 1635066685960693, 76495
151, 1635066685904722, 1635066685976694, 71972
152, 1635066685925974, 1635066685992703, 66729
153, 1635066685947385, 1635066686009294, 61909
154, 1635066685964351, 1635066686041625, 77274
155, 1635066685980377, 1635066686064710, 84333
156, 1635066685996348, 1635066686078278, 81930
157, 1635066686015487, 1635066686085224, 69737
158, 1635066686028705, 1635066686104753, 76048
159, 1635066686040738, 1635066686127925, 87187
160, 1635066686071382, 1635066686151403, 80021
161, 1635066686088211, 1635066686173178, 84967
162, 1635066686116734, 1635066686198133, 81399
163, 1635066686128716, 1635066686213291, 84575
164, 1635066686153210, 1635066686231302, 78092
165, 1635066686175465, 1635066686265060, 89595
166, 1635066686199404, 1635066686273101, 73697
167, 1635066686219479, 1635066686294262, 74783
168, 1635066686233316, 1635066686315116, 81800
169, 1635066686251479, 1635066686333212, 81733
170, 1635066686265221, 1635066686350826, 85605
171, 1635066686279784, 1635066686386028, 106244
172, 1635066686311380, 1635066686395314, 83934
173, 1635066686324394, 1635066686413109, 88715
174, 1635066686353314, 1635066686423705, 70391
175, 1635066686395418, 1635066686444685, 49267
176, 1635066686426008, 1635066686463468, 37460
177, 1635066686447850, 1635066686481032, 33182
178, 1635066686468720, 1635066686514413, 45693
179, 1635066686487693, 1635066686524357, 36664
180, 1635066686519389, 1635066686542098, 22709
181, 1635066686538916, 1635066686560491, 21575
182, 1635066686563239, 1635066686587696, 24457
183, 1635066686593379, 1635066686624051, 30672
184, 1635066686637012, 1635066686637166, 154
185, 1635066686655409, 1635066686655908, 499
186, 1635066686679181, 1635066686679373, 192
187, 1635066686703063, 1635066686703217, 154
188, 1635066686726900, 1635066686726995, 95
189, 1635066686751031, 1635066686751218, 187
190, 1635066686769654, 1635066686770278, 624
191, 1635066686790723, 1635066686790795, 72
192, 1635066686814612, 1635066686814686, 74
193, 1635066686833229, 1635066686833773, 544
194, 1635066686854381, 1635066686854450, 69
195, 1635066686878287, 1635066686878427, 140
196, 1635066686896787, 1635066686897701, 914
197, 1635066686917844, 1635066686917983, 139
198, 1635066686936368, 1635066686936529, 161
199, 1635066686960277, 1635066686960345, 68
